00000000000000000000000000000000000000000000000000000000000000000000000000000
00000000000000000000000000000000000000000000000000000000000000000000000000000
00000000000000000000000000000000000000000000000000000000000000000000000000000
00000000000000000000000000000000000000000000000000000000000000000000000000000
00000000000000000000000000000000000000000000000000000000000000000000000000000
00000000000000000000000000000000000000000000000000000000000000000000000000000
00000000000000000000000000000000000000000000000000000000000000000000000000000
00000000000000000000000000000000000000000000000000000000000000000000000000000
00000000000000000000000000000000000000000000000000000000000000000000000000000
00000000000000000000000000000000000000000000000000000000000000000000000000000
00000000000000000000001000000000000000000000000000000000000000000000000000000
00000000000000000000000000000000000000000000000000000000000000000100000000000
00000000000000000000000000000000000000000000000000000000000000000000000000000
00000000000000000000000000000000000000000000000000000000000000000000000000000
00000000000000000000000000000000000000000000000000000000000000000000000000000
00000000000000000000000000000000000000000000000000000000000000000000000000000
00000000000000000000010000000000000000000000000000000000000000000000000000000
00000000000000001000000000000000000000000000000000001000000000011000000000000
00000000000000010110000110001110000000000000000000010000000000100000000000000
00000000000000100001101000010000000001100000001100000000010000000000000000000
00000000000001000000000000000000001000000000000000000000001000000100000000000
00000000000010000000000001000000100000000000010000000000000000000000000100000
00000000000000000000000000000000000000000000000000000000000000000000000000000
00000000000000000000000000000000000000000000000000000000000000000000000000000
00000000000000000000000000000000000000000000000000000000000000011000000000000
00000000000000000000010000000000000000000000000000001000000000000000000000000
00000000000000001000000000100001000000000110000000000000000100000110000000000
10000000000000010100001110001110010110000001000010010000000000100000001000000
00000000000100100010000000000000000001000000000000100000100000000000000000000
00000000000000000001100000010000000000101000001100000000010000000000000000000
00000000000001000000000000000000101000000000000000000000001000000000010000000
00000000000010000000000001000000000000000000010000000000000000011000000100000
00000000000000000000010000000000000000000000000000001000000000000100000000000
00000000000000000000001000000000000000000000000000000000000000000000000000000
00000000000000001000000100000101000000000000000000010000000000100010000000000
00000000000000010100000010001010000000000010000000000000000100001000000000000
00000000000000100000000000100000010111010101000000000100000001010000000001000
10000000001000000010100000000000000000100000000010000001110000000100001010000
00000000000101000001000000010000101000000000001100100000001000000000100000000
00000000000000000000011000000000000000001000100000001010000000000000000000000
00000000000010000000000001000000000000000000000000000000000000000001010100000
00000000000000001000000100000101000000000000010001010000000000101000000000000
00000000000000010000000010001010000000000000000000000000000000010110000000000
00000000000000100100000000000000000001000010000000000000000100000000000000000
00000000000000000000011000000000110110110001000000000000110000000000001000000
00000000000001000010100000100000001000000100000000001001001000001000000001000
00000000000000000001000100010000000000001000000110000100000011010000000010000
10000000001100000000000000000101000000000000001000110000000000100100000100000
00000000000010001000000011000010000000000000000000000000000000000000110000000
00000000000000110000001000001000000000000000000000000010000000000010000000000
00000000000000000000010000000000100001100000110000000000000000000001000000100
00000000000000000100000000000000011000000010000001000000111100001000001000000
00000000000001000000100100000000000110010001000000001001000000010100000000000
00000000000000000010001000100101000000001100000000000000000000100000000101000
00000000000000000001000010010010000000000000000100010100000000000000010010000
00000000000110111000010101001000100000000000001010100000000001001000000000000
10000000000000000000000000000000000001100000000000000000000010010010101000000
00000000001000000000000000000000001000000000000000000010111000000100000000000
00000000000001000000001000000001010000010010000000001001000100000000000000000
00000000000000000100100010000100000100001000010000000000000000100001000100000
00000000000000000000000000000010000010000001000000000000000000001000010000100
00000000000000100010010100110000100000000100100001010000000000000000000001000
00000000000010011001001001001000000000100000000100000100000000010100001010000
00000000000100000000000100000001011001000000001000100001111000000010100000000
00000000000000000000000010000100100000000000000010000010000001000000000100000
10000000000001000000000000000010000000011010000000001000000100101000010000000
00000000001000000000111000000000000100000000000000000000000010010000001000000
00000000000000100100000000001000000010000001000000000000000000000101000001000
00000000000000010000000000010001001000100000010000010000100000000000000000000
00000000000010001000000111100000010001000100000000000001011000000010000110110
00000000000000000011001000000100100000000000000101000100000000001000100000000
00000000000101000000000100000010000000011000001000100010000000100000010000000
00000000000000000000010000000000000000000010100000001000000100010100001000000
00000000000000100000100010001001111100000000000010000000000001000000000101000
00000000000000010000001000010100000000000000000000000001100000000001000000000
10000000001000000000000001100010000010100001000000010000011010001010001010000
00000000000010001100000100000000000001000100000000000000000000010000010000000
00000000010000000000010000000001000000001000010000000000000000100100100000100
00000000000101000000001010001000111000010000001100000110000000000000000100000
00000000000000100011000100000000000000000010000000101001100100000000000001010
00000000000000010000000000010100000100000000000001000000000000001000000000000
00000000000000000000100001100010100000000000000000000000011000000011011110000
00000000000010000000001010000001011011100000000010010000000001010100000000000
00000000000001001000010100001100000000001101000000000000000000100000100001100
00000000001000100000000000000010000000010000100000000000000010000000001000000
00000000000100000100000000010000100000000000000000000011100000001000000010000
10000000000000010000000011100001010100000010011100001100000100010010010100000
00000000000000000000001100000000001000000000000000100000001000000101000000000
00000000110010000011110000001000000000000000000000000000010000000000000000000
00000000000001000000000000000100100011101000000000000000000000100000000101010
00000000000000101000001100010010010000010100000001010001000000001000101000100
00000000000000000000000010000001001000000001000010000000100001000010010010000
00000000001100010000000001100100100100000000000000000010000000010101000001000
00000000000000000000000000001010010000000010001000000000000010000000000000000
00000000000011100100010010000001000000000000000100001100011100000000101110100
00000000000000000000000100010000001001101000110000000000000000101000000000000
00000000000000000000101001100000100010010000000000100001000000000010010000000
00000000000000001001000100000000010000000100000000000000100000010101000101000
00000000010000010010000000001100000100000000000000010000000000000000000000010
00000000000100000000001010000011101000000001000000000010000000000000001010000
00000000101011100000010000010000010000000010000011000000001001001000100001100
00000000000000000000000000000100000000101000001000000000010100100010010000000
00000000000000000000000111100010100001010000000100001101000010010101000100000
00000000000000110100000000001001011010000000000000000000000000000000100010000
00000000000001001000100000010000000100000100010000000000100000000000001001100
00000000000010000000001101100000000000000000100000100000000000000000010000000
00000000000100000000010010000000111000000000000000010010000000001011000100000
00000000000000000001000000000111000000101011000000000000001000110000000010010
00000000011000000000001000001000100001010000001000000001010000000100000001000
00000000000000110010000100010000010110000000000010000000000101000000101000100
00000000000001000000000010000000000000000000000101001000000000000000010100000
00000000100010001000000001100111001000000100000000000100100000001011100011000
00000000000000100100000000000000110000000000000000000000000010010000010000000
00000000000100000000110111111000001000101000010000000000001000100100000000100
00000000000001010000001000000000010000010010000000100010000000000001000000000
00000000000000000000000000000001100111000001100000010001010000000000101111000
00000000001010000000000000000110000000000000001000000000000100010010000000000
00000000000000100000000110000000000000000100000000000000000001001000010000110
00000000010000001001001000011000111000000000000110000000100000100000000001000
00000000000100010000010001100001000000100000000000001000000000000101100010000
00000000000001000000000010000010011100011000000000000100001000000000011100000
00000000000000100000000101110100000011000010000001000000000000010010000000100
00000000000010000100100000000000110000000000010000000011010010001001100001000
00000000100000000000000000001001000000000000000000000000000100000000010000000
00000000001001010000001010000000101000000101001000110000000000100000100011000
00000000000000101000000100000010000100100000100000000000000001010100000100100
00000000000100000000010001110100010010011000000100000000101000000011011000000
00000000000010000000000010000001001000000000000010000000000000000000000000010
00000000000000000000000000001000110001000010000000000000000000001000100010000
00000000010001110000001101110010000000000000000000001100000000100000000001100
00000000000000000000000000000000010100000100000000000011010100010001010000000
00000000000000000000000010000101101000100000000000000000000000000010100101000
00000000001100001100100000000000000010000000011000000000000010000100111000000
00000000000010110000000001101000011000011001000000010000001001011001000010100
00000000000001000000010100010010100001000000000101100000100000000000010000000
00000000000000000000001010000001010100000010000000000000000000100000000001000
00000000000000000000000000100100000010000100100010000000000100000010100000100
00000000000000100000000001010000001000100000000000000000000000000001000110000
00000000000011010000000110001010110000000000000000000010010000010000011001010
00000000000100001000000000000001000000011000000000000101001000001100100000000
00000000011000000000000001100000111100000000000000000000000000100001010000000
00000000000000100000001000010100000001000000001000001000000001000010100001100
00000000000000010000010010000000011010000111010100000000000010010000010010000
00000000000011000100000100101011000000100000000000010000100100000000100000100
00000000000000000000100001000000100000000000000000000000000000001001000100000
00000000000100100000000000010000010110000000000010100000001000100000011001000
00000000000000000000000010000000001000011000000000000000010000010010100000000
00000000000001011000001000100101110001000000100000000010000000000101000010000
00000000001000000000000101011010001000000100000000000000000000000000110001100
00000000000010100000000010000000010100100010000000000001000101000000000000000
00000000000000000000000000100000100000000000001100000000000000011000010000000
00000000000000010000010001000001001010000000000000000000001000100001100001100
00000000010101100000000000010100010000000001000000000100100010000010111110000
00000000000000000000000100001010010000011000010000010000000000000000000000000
00000000000010001000001010100000101111000100000010000000010000010001010000000
00000000000000000100000001010001000000000000000000000000000100101100100001100
00000000001001010000000000000000111000100010000000000010000000000000000000000
00000000000000100000000010100000000000000000000000000000000001000011110010000
00000000000100000000000101001110010100000000100100000000001000010000000001000
00000000000010100000000000010001000010000100001000000000000000000000011000100
00000000000000010000010000100000111001011000000000000000000000000000100000000
00000000000001000000001000000000000000000000000000000000000100111001110101000
00000000000000001000000011010000001010100000000000000000110010000000000010100
00000000000000000000000100001011110100000011000010000000000000000011110000000
00000000001000100000000000100100011000000000000000010000001000000100000000000
00000000000111010000000011000000000000000100000000000000000001010000000001000
00000000010000000000000000010000100000000000010100000010000000101000111000100
00000000000000100000000000100001010111011000000000000000000100000001010010000
00000000000000000000001000001000001000000000000000000000000000000010100001000
00000000000000010000000101010010010000100000101000000000000000010000000000000
00000000000011001000010010100100101010000110000000000000000000000001110000100
00000000000100100000000000000000010000000000000000000000011000100000000001000
00000000001000000000000001000001001100000000000010000000000010011000110100000
00000000000000000000000010011000110001000000000000000000000101000101010010100
00000000000001110000000100100010000010011001000100000000000000000010101000000
00000000000000000000000000010000001100100000000000010000100000000000000001000
00000000000010000000001001100101010000000100000000000000000000110000110000000
00000000000000000000000000000000110010000010000000000010001000001001000000100
00000000000100111000000010001000001000000000000000000000000000000000110011000
00000000000001000000000001000000000001000000000000000000000100000011000000000
00000000001000000000000100110010111100000000100000000000010000010000110000000
00000000000010000000010010000001000010011100001010000000000000100000001000100
00000000000000100000000000010100011000100000000100000000000011001100110001000
00000000000001010000000001101000000100000000000000000000000000010001010000000
00000000000100000000001000000000110011000010000000000000001000000000100010100
00000000000000100000000000000001001000000000000000000000000100000010000001000
00000000000000001000000111110010000000000000000000000000000000100001110000000
00000000000010010000000000001000111010000101000000010000000000011000000000000
00000000001001000000000000000100010100010000000000000000000000000000111000100
00000000000000100000000011110000000000101000000000000000010000000001010001000
00000000000000000000000000000001001001000000000110000000000000010000100010000
00000000000100000000000000000000110110000010100000000000001101100010000000000
00000000000011010000001100111010001000000100000000000000000010001100110001100
00000000000000100000000001000000000010000000000000000000000000000001010000000
00000000000000000000010010000100011001000000000000000000000000010000100000000
00000000000000001000000001100001110000010000000000000000000000000001011000100
00000000001000110000000000011000000100100000000000000000000000000000100011000
00000000000101000000000010000000001010001010000000000000000100111010010000000
00000000010010000000000100110010010000000100000000000000001000000000100000000
00000000000000000000000001000000101101000001000110000000010000000001010001000
00000000000000100000001000000001000010000000000000000000000001000000100000100
00000000000001010000000000101100010000000000000000000000000000010000110000000
00000000000000000000000011010000001011010000000000000000000010101101011000000
00000000000010000000000000000000110000100110000000000000000100000010000011100
00000000001100101000000101100000001100000000100000000000000000010000110000000
00000000000000010000000010011011000000001000000000000000001000000001000000000
00000000000001000000000000000000010010000000000000000000000000001000110000000
00000000000000100000000000100100101101000000000000000000000000000000100001100
00000000000000000000000001010000010010000000000110000000000000110000011000000
00000000000010000000001000000000001000010110000000000000010101000011100010000
00000000010101010000000111101001000001100001000000000000000000000000010001000
00000000000000100000000000010000010110000000000000000000000010011001010000100
00000000001000000000000000100010101000000000000000000000001000000100100000000
00000000000000001000000011000000000001001000000000000000000000100000110000000
00000000000010010000000000001100010010000000000000000000000000000000001000000
00000000000001100000000000110000001100000110000000000000000100011011110001100
00000000000100000000000101000001100010110000000000000000000000000000000010000
00000000000000000000000000010000011001000000000110000000000000000000110001000
00000000000000100000001010100000000100000000000000000000000001010001010000000
00000000000011010000000001001010010010000000000000000000000000100000100000100
00000000001000000000000000000000001001000001000000000000001010001000011000000
00000000010000000000000011110101100000001110000000000000000100000011100000000
00000000000100101000000100000000000011100000000000000000010000010100010001000
00000000000001010000000000101000001100010000000000000000000000000000110010100
00000000000010000000000001010000010010000000000000000000000000001000100000000
00000000000000100000000000000000010101000000000000000000000000100001011001000
00000000000000000000000010100010101010000010000010000000000000010000000000000
00000000000000000000001001010001000000000100000100000000000100000000110000100
00000000001101010000000000001100000001100000000000000000001001000011100000000
00000000000010100000000110100000001000001000000000000000000010011000010000000
00000000000000000000000001000000010110010001000000000000000000000000010001000
00000000000001001000000000110000100011000000000000000000000000100001101010100
00000000010000110000000001001000001001000010000000000000000000000100110000000
00000000000000000000000000010001010100100100000000000000000100011000010001000
00000000000110000000000010100010000010000000000000000000000000000010100000000
00000000001000000000000101000100000001000000000010000000000000000001001000100
00000000000001100000001000100000001010000000000000000000001000000000110000000
00000000000000010000000010011000110100011010000000000000000000110000010000000
00000000000000000000000001000000001001100000000100000000000011001001110001000
00000000000010100000000000100000000010000101000000000000000100000000000010100
00000000000101001000000001010001000001000000000000000000000000010000110000000
00000000000000010000000100000000010110000000000000000000000000000010001001000
00000000001000000000000010101110100001000000000000000000000000001101110000000
00000000010000100000000000000000001011110010000000000000000000100000000000100
00000000000011000000000001110000000000000000000010000000001000000000110000000
00000000000000000000001010000000011100001100000000000000000100010001111000000
00000000000100110000000001000000000010000000000000000000000000000000010001000
00000000000000000000000100111001000001100000000000000000000010001000000010100
00000000000001000000000000000000100111000011000000000000000000010010100000000
00000000001010001000000001100000010000000000000000000000000001100001010000000
00000000000000110000000010000110001011010000000000000000000000000000111001000
00000000000000000000000000010000000000000100000000000000000000001000100000100
00000000000101000000000001101000000001101000000000000000000100010101010000000
00000000010010100000001110000000001110000010000010000000001000000000110000000
00000000000000000000000001010000010001000000000000000000000000000000001001000
00000000000000010000000000100001100010100000000000000000000010000010010000100
00000000001001000000000000000000000101010001000000000000000000111001110010000
00000000000000100000000010101000000010000000000000000000000000000000100000000
00000000000110001000000001010110011001000110000000000000000100000000000000000
00000000000000010000000100000000000000001000000000000000000000000001111001100
00000000000001100000000001100000000011100000000000000000000000011000010000000
00000000000000000000001010010000001100000000000000000000000000000000110000000
00000000000010000000000000100000100011010000000010000000001001000110001000000
00000000011000100000000001001001000000100010000000000000000010100001110001100
00000000000101010000000010000000010101000101000000000000000000010000010000000
00000000000000000000000100110000000010001000000000000000000100001000100010000
00000000000000000000000001000110000001000000000000000000000000000001000000000
00000000000011101000000000000000001010110000000000001000000000000000111000100
00000000000000010000000011111000000001000010000000000000000000010000010001000
00000000000100000000001000000000010110000000000000000000000000001010110000000
00000000001000100000000100100000101001000000000000000000000000100001001000000
00000000000010000000000010000000000000101101000000000000001010000100110000100
00000000010001000000000001010001000001000000000010000000000100010000010001000
00000000000000110000000001100000000110010010000000000000000000000000100000000
00000000000001000000000010001100000011100000000000000000000000001001011010000
00000000000100000000000000000010000001000000000000000000000000000000100000000
00000000000010001000001100110000011000001000000000000000000000000010010000100
00000000001000110000000001000000000010010100010000000000000000110001110001000
00000000000000000000000010100000100101100011000000001000000000001000001000000
00000000000001100000010001010000000000000000000000000000000110000000110000100
00000000010110000000000100001000000011000000000000000000000000000100010000000
00000000000000000000000010100001001001100000000000000000001000010001101001000
00000000000001010000000001000100010110001000000010000000000000000000010000000
00000000000000100000001010000000000000010110000000000000000000001010110000000
00000000001000000000000001110010000001000000000000000000000000000000000010100
00000000000111001000000000000000000010101001000000000000000000100001111000000
00000000000000110000000100100000000001010000000000000000000100010000000001000
00000000000000000000000011011000101101000000000000000000000010001000110000000
00000000010000000000000000000000000010100010010000011000000000000001011000100
00000000000011100000000000100000010000000100001000000000000000000100110000000
00000000000100000000001111000100000011000000000000000000000000010010000001000
00000000001000010000010000000001000000001001000000000000001000000000110000000
00000000000001100000000011110000000101110000000010000000000000001000001000100
00000000000010000000000000001010001000001010000000000000000100100001110000000
00000000000000000000000001000000000011010000000000000000000000000000010010000
00000000000100111000000110110000000000100100000000000000000010010001101001000
00000000010001000000000000000000100011000000000000000000000000001000010000000
00000000000000000000001001100000010100000001000000001000000000000010110000100
00000000001010100000000010000000000001001010010000000000000000000100001000000
00000000000001000000000000000100001010100000000000000000000000000000110000000
00000000000100010000000101011000000000010000001000010000000000010001010001000
00000000000010100000000011100000000001001100000000000000000100001000100000100
00000000000001000000010000000001000000010010000000000000001000100000011000000
00000000000000000000000010100010000111100001000010000000000010000001100000000
00000000010000110000001101010000000000001000000000000000000000000000011011000
00000000001100001000000010000000010001000000000000000000000000010010110000000
00000000000011000000000000000000101010100100000000001000000000001000010000100
00000000000000100000000001101000000000010010010000000000000000000101100000000
00000000000000000000000001010100000001001000000000000000000000000000011000000
00000000000011010000000110100000000110000001000000000000000100000000100001000
00000000000100100000000000000000000001110000001000000000000000011000010000100
00000000000000000000001011000000000000001010000000010000000010100001111000000
00000000011001000000010110000000000000000100000000000000000000000010000000000
00000000000000110000000001110000000011000000000000000000000000000000110000000
00000000000010000000000000001010011000111001000000000000001000000001011001000
00000000000100001000000000000000000100000010000010001000000000000000100010100
00000000000001100000000011100000000011000100110000000000000000011100010000000
00000000000010000000001100010100000000001000000000000000000100000000111000000
00000000001001010000000011000000000001110000000000000000000000000000000000000
00000000000000100000000000100000000000000001001000000000000010000011110001100
00000000010100000000000111000000000010000010000000000000000000001000010000000
00000000000000000000000000000000000001011000000000000000000000110001101000000
00000000000011110000010010011000000100100110000000010000000000000000010000000
00000000000000000000001001100000001000001001000000000000000000000000111000000
00000000000000000000000100000000010010000000010000001000000000000000000001100
00000000001111101000000011000000000001010000000000000000000100000100110000000
00000000000000000000000000100000000000000100100000000000000000001011010010000
00000000000000010000000011010100000001101010000000000000000010010000101000000
00000000010001100000000100000000000010000001001000000000000000000000010000100
00000000000000000000001010100000000100010000000000000000000000000001110001000
00000000000110000000000001001000000001001010000000000000000000000000001000000
00000000001001110000010100000000000000100100010000000000000000001000110000000
00000000000000000000000011010000000000010001000000000000000000000000010000000
00000000000010000000000010000000001010001010000000011000000100010011101000100
00000000000000100000000100100000000000000000000000000000000000100100010001000
00000000000101001000001001000000000001000100100000000000000010000000110000000
00000000000000110000000010100000000000100001000000000000000000000000001000000
00000000010001000000000001000000000111011010001000000000000000001001110010100
00000000001010000000000110011000000000000000010000000000000000000000010000000
00000000000000000000000001000000000000001000000000000000000000010000100001000
00000000000100110000011010000000000000010110000000000000000000000011011000000
00000000000011000000000100100000000001100001000000000000000100000000110000000
00000000000000100000000000000000000000000000100000001000000000000000001000100
00000000000000000000000011000000000010000110000000000000000010001100110000000
00000000000001000000000111110000000000001001010000010000000000000001010001000
00000000001100111000000000000000001000010000000000000000000000000000100000000
00000000010010000000001000000000000101101000001000000000000000010000011000100
00000000000001000000000011001000000000000010000000000000000000000011110010000
00000000000000100000000100000000000010000100000000000000000000000000000000000
00000000000010010000010010100000000001010011100000000000000100001000111001000
00000000000101000000000101010000000000001000010000000000000000000000010000000
00000000000000100000001010000000000000000000000100000000000000000001100000100
00000000001000000000000000100000000000100101000000001000000010000100110000000
00000000000000100000000001000000000000000010000000000000000000010011001000000
00000000000011011000000110000000000010011000001000000000000000000000010001000
00000000010100000000000001000000000001000000110000000000000000000000110000100
00000000000001000000001110000000000100000010000010000000000000001000111000000
00000000000000100000010000111000000000001101000000000000000000000001000010000
00000000000010010000000011000000000000110000000000000000000100000000110000000
00000000001000100000000000000000000001000010000000000000000000000010000001000
00000000000001000000000110000000000000000001000000000000000000010001111000100
00000000000100000000001001100000000010000100111100000000000000000100010000000
00000000000010100000000100000000000000001000000000001000000010001000100000000
00000000000001011000000000000000000000000010000000000000000000000001000001000
00000000000000000000000010010000000000010000000000000000000000000010111000000
00000000010000000000011011000000000001100001010000000000000000000001110010100
00000000000101100000000100100000000000001110100010000000000000000000010000000
00000000001010010000000001000000000000000000000000000000000000000000000000000
00000000000000100000000110000000000010000001001000000000000100010000111001000
00000000000000000000000000000000000000010000000000000000000000001101100000000
00000000000001000000001010000000000000001010000100000000000000000010010000100
00000000000010100000000001100000000001000100110000000000000000000001100000000
00000000000100010000000100010000000000100000000000000000000000000000010011000
00000000000001001000010000000000000000000001000000000000000000000011001000000
00000000000000000000000010000000000000000010001010000000000000000000100000000
00000000001000100000001111000000000000011000010000001000000000000000110000100
00000000000010000000000000000000000010000100100000000000000000011100010001000
00000000000001110000000001100000000000000001000100000000000000000001111000000
00000000000100000000000100000000000001000010000000000000000000000000000000000
00000000000000000000001010000000000000000000000000000000000000000011100010000
00000000000001000000000000000000000000101000011000000000000000000000010100100
00000000000010100000010110010000000000010000100000000000000100000011100001000
00000000000000010000000001000000000000000111000010000000000000000000001000000
00000000000000000000000000100000000000000000000100000000000000001100010000000
00000000001000001000000000000000000000000000011000000000000000000000100011000
00000000000101100000001110000000000000000000000000000000000000010001110000000
00000000000010000000000001000000000011001001100000000000000000000011010000100
00000000000000110000000010000000000000000110000000000000000000000000001000000
00000000000001000000000100000000000000010000000100000000000000000000100000000
00000000000000000000011000000000000000100000010010000000000000000110110001000
00000000000000000000000001100000000000000000001001000000000000001001000110000
00000000000000000000000010000000000000000011100000000000000000000000000000000
00000000000110100000000100000000000000001000000000000000000000000001011001100
00000000000001010000000000000000000000000000011100000000000000000010100010000
00000000000000000000000000000000000000000100000000000000000000010100000000000
00000000001000100000001011000000000001000000000000000000000000000001110000000
00000000000000000000000100000000000000010001100010000000000000000010010001000
00000000000001000000010010000000000000000010000000000000000000001000100000000
00000000000010000000000000100000000000000000010100000000000000000001001100000
00000000000000110000000100000000000000001000001000000000000000000000000010100
00000000000100000000001001000000000000000000000001100000000000000111110001000
00000000000000000000000000000000000000000100000000000000000000000000000010000
00000000000001000000000000000000000000000011110010000000000000000010000000000
00000000000000000000000010000000000000000000001100000000000000011100111001000
00000000000000100000000100000000000000000000000000000000000000000001000100000
00000000000010000000000000000000000000010000000000000000000000000000000010000
00000000000000010000011011000000000000001000000000000000000000000011110000100
00000000000001000000000000100000000000000000110000000000000000000000000001000
00000000000000100000000100000000000000000011001110000000000000000000100000000
00000000000100000000000000000000000000000100000001000000000000001110011010000
00000000000000000000000000000000000000000000000000100000000000000001000101000
00000000000000000000000010000000000000000000000000000000000000000000000000000
00000000000011000000001001000000000000000000010000000000000000010110000010000
00000000000000010000000100000000000000000000001100000000000000000001110000000
00000000000000100000000000000000000000001001100010000000000000000000001111100
00000000000000000000010000000000000000010010000000000000000000001010100000000
00000000000000000000000010000000000000000000000000000000000000000000010000000
00000000000000000000000000000000000000000100010001000000000000000101000001000
00000000000001100000001100100000000000000000001100000000000000000000000000000
00000000000000000000000001000000000000000000000000000000000000000010100010000
00000000000110000000000000000000000000000000100010100000000000000001011100000
00000000000000010000000010000000000000000001000000000000000000000110000011000
00000000000000000000000000000000000000000010010000000000000000011000000000000
00000000000000000000000000000000000000001000001100000000000000000000000110100
00000000000001000000000100000000000000000000000001000000000000000000100000000
00000000000000100000001000000000000000000000000000000000000000000101010001000
00000000000000000000010000000000000000000100000010000000000000000010001000000
00000000000000000000000011000000000000000000100000000000000000000000100000000
00000000000000000000000000000000000000000001011100000000000000001011010011000
00000000000010000000000000000000000000000000000000000000000000000000000110000
00000000000000010000000100000000000000000010000000100000000000000100000000000
00000000000001100000000000000000000000000000000001000000000000000000000000000
00000000000000000000000000000000000000000000000010000000000000000000001100000
00000000000000000000001000000000000000001000011100000000000000000010100011000
00000000000000000000000010000000000000000000100000000000000000000101010000100
00000000000000000000000000000000000000000000000000000000000000011000000000000
00000000000000000000000000000000000000000001000000000000000000000010000011000
00000000000000000000000101000000000000000100000000000000000000000001100100000
00000000000000100000000000000000000000000010000111000000000000000000011000000
00000000000001000000000000000000000000000000011000000000000000000100000010000
00000000000000010000000000000000000000000000000000100000000000000010000000000
00000000000000000000000000000000000000000000000000000000000000000000000101000
00000000000000000000001010000000000000000000100000000000000000001000000010000
00000000000000000000000000000000000000000000000010000000000000000000100000000
00000000000000000000000000000000000000000000001100000000000000000101010000000
00000000000000000000000100000000000000000001010001000000000000000010001001000
00000000000000100000000000000000000000000000000000000000000000000000000110000
00000000000000000000000000000000000000000010000000000000000000000000000000000
00000000000001000000000000000000000000000000000000000000000000000011000010000
00000000000000000000000000000000000000000000000110000000000000000100100000000
00000000000000000000000000000000000000000000101000100000000000001000010101000
00000000000000000000000010000000000000000000010000000000000000000000000000000
00000000000000010000000000000000000000000000000001000000000000000000001010000
00000000000000000000001000000000000000000000000000000000000000000000000000000
00000000000000000000000100000000000000000001000000000000000000000110000000000
00000000000000100000000000000000000000000000000110000000000000000001100001000
00000000000000000000000000000000000000000000001000000000000000000000000110000
00000000000000000000000000000000000000000010010000000000000000000010010000000
00000000000000000000000000000000000000000000100000000000000000000000000000000
00000000000000000000000000000000000000000000000001000000000000001000000010000
00000000000000000000000000000000000000000000000000000000000000000100001001000
00000000000001000000000000000000000000000000000110000000000000000001000100000
00000000000000000000000000000000000000000000001000100000000000000000100000000
00000000000000000000000000000000000000000000000000000000000000000010000000000
00000000000000100000000000000000000000000001010000000000000000000000010010000
00000000000000000000000000000000000000000000000000000000000000000000000000000
00000000000000000000000000000000000000000000000000000000000000000100000001000
00000000000000000000000000000000000000000100100111000000000000000000000110000
00000000000000000000000000000000000000001010000000000000000000000010000000000
00000000000000000000000000000000000000000000001000000000000000000001001000000
00000000000000000000000000000000000000000000000000000000000000000000100000000
00000000000000000000000000000000000000000000010000000000000000000000000000000
00000000000000000000000000000000000000000000000000000000000000000000000000000
00000000000000000000000000000000000000000000000000000000000000000000000000000
00000000000000000000000000000000000000000000000000000000000000000000000000000
00000000000000000000000000000000000000000000000000000000000000000000000000000
00000000000000000000000000000000000000000000000000000000000000000000000000000
00000000000000000000000000000000000000000000000000000000000000000000000000000
00000000000000000000000000000000000000000000000000000000000000000000000000000
00000000000000000000000000000000000000000000000000000000000000000000000000000
