00000000000000000000000000000000000000000000000000000000000000000000000000000
00000000000000000000000000000000000000000000000000000000000000000000000000000
00000000000000000000000000000000000000000000000000000000000000000000000000000
00000000000000000000000000000000000000000000000000000000000000000000000000000
00000000000000000000000000000000000000000000000000000000000000000000000000000
00000000000000000000000000000000000000000000000000000000000000000000000000000
00000000000000000000000000000000000000000000000000000000000000000000000000000
00000000000000000000000000000000000000000000000000000000000000000000000000000
00000000000000000000000000000000000000000000000000000000000000000000000000000
00000000000000000000000000000000000000000000000000000000000000000000000000000
00000000000000000000000000000000000000000000000000000000000000000000000000000
00000000000000000000000000000000000000000000000000000000000000000000000000000
00000000000000000000000000000000000000000000000000000000000000000000000000000
00000000000000000000000000000000000000000000000000000000000000000000000000000
00000000000000000000000000000000000000000000000000000000000000000000000000000
00000000000000000000000000000000000000000000000000000000000000000000000000000
00000000000000000000000000000000000000000000000000000000000000000000000000000
00000000000000000000000000000000000000000000000000000000000000000000000000000
00000000000000000000000000000000000000000000000000000000000000000000000000000
00000000000000000000000000000000000000000000000000000000000000000000000000000
00000000000000000000000000000000000000000000000000000000000000000000000000000
00000000000000000000000000000000000000000000000000000000000000000000000000000
00000000000000000000000000000000000000000000000000000000000000000000000000000
00000000000000000000000000000000000000000000000000000000000000000000000000000
00000000000000000000000000000000000000000000000000000000000000000000000000000
00000000000000000000000000000000000000000000000000000000000000000000000000000
00000000000000000000000000000000000000000000000000000000000000000000000000000
00000000000000000000000000000000000000000000000000000000000000000000000000000
10000000000000000000000000000000000000000000000000000000000000000000000000000
00000000000000000000000000000000000000000000000000000000000000000000000000000
00000000000000000000000000000000000000000000000000000000000000000000000000000
00000000000000000000000000000000000000000000000000000000000000000000000000000
00000000000000000000000000000000000000000000000000000000000000000000000000000
00000000000000000000000000000000000000000000000000000000000000000000000000000
00000000000000000000000000000000000000000000000000000000000000000000000000000
00000000000000000000000000000000000000000000000000000000000000000000000000000
00000000000000000000000000000000000000000000000000000000000000000000000000000
00000000000000000000000000000000000000000000000000000000000000000000000000000
10000000000000000000000000000000000000000000000000000000000000000000000000000
00000000000000000000000000000000000000000000000000000000000000000000000000000
00000000000000000000000000000000000000000000000000000000000000000000000000000
01000000000000000000000000000000000000000000000000000000000000000000000000000
00000000000000000000000000000000000000000000000000000000000000000000000000000
00000000000000000000000000000000000000000000000000000000000000000000000000000
00000000000000000000000000000000000000000000000000000000000000000000000000000
10000000000000000000000000000000000000000000000000000000000000000000000000000
00000000000000000100000000000000000000000000000000000000000000000000000000000
00100000000000000000000000000000000000000000000000000000000000000000000000000
00000000000000000000000100000000000000000000000000000000000000000000000000000
00000000000000000000000010000000000000000000000000000000000000000000000000000
00010000000100000000000000000000000000000000000000000000000000000000000000000
01000000000000000000000000000000001100000000000000000000000000000000000000000
10000000000000000000000000000000000000000000000000000000000000000000000000000
00000000000000000000000000000000000000000000000000000000000000000000000000000
00000000000000000000000000000000000000000000000000000000000000000000000000000
00000000000000000100000000000000000000000000000000000000000000000000000000000
10100000110000000000000001000000110000000000000000000000000000000000000000000
00001000000011100000000000110000000010000000000000000000000000000000000000000
00000100001000001011001100000001000000000000000000000000000000000000000000000
01000001000100010000100010001000000000000000000000000000000000000000000000000
00010000000000000000000000000000001100000000000000000000000000000000000000000
00000010000000000000010000000000000000000000000000000000000000000000000000000
10000000000000000000000000000000000000000000000000000000000000000000000000000
00000000000000000100000000000000000000000000000000000000000000000000000000000
10100000000000000000000001000000100000000000000000000000000000000000000000000
01000000110000000000000000000000010000000000000000000000000000000000000000000
00000000000111100000000100110000000000000000000000000000000000000000000000000
00001000000000000000000010000010000110001100000000000000000000000000000000000
00000100001000000011001000000001001000000010000000000000000000000000000000000
00010001000000011000100000001000000000000000100011000000000000000000000000000
10000000000000000000000000000000000000000000000100100000000000000000000000000
01000010000000000100010000000000000000000000000000000000000000000000000000000
10100000000100000000000001000000110000000000000000000000000000000000000000000
00000000110011100000000100100000000000000000000000000000000000000000000000000
00000000000000000000000010010000001100000000000000000000000000000000000000000
00000000000000000000000000000000000000000000000000000000000000000000000000000
00001000001000000000000000000101000010100101010000010000000000000000000000000
11000000000100000011001001000010000000001010001000000001000000000000000000000
00010101000000010000100000001000110001000000000000000000000000000000000000000
00100000000001001100000000100000000000000000100011000000000000101000000000000
10000000000010100000010110000000001100000000000100100000001000000100000000000
00000010110000000000000000010000000000000000000000000000000000010001110000000
00000000000000000000000000000000000000000000000000000000000000000000000000000
01000000000100000000000001000000010010000000000000000000000000000000000000000
00000000001001000000000000100001101100000100000000000000000000000000000000000
10001000000000100000001000000000000000000011010000010000000000000000000000000
00000000000010010111000010001110000000001000000000000000010001000010000000000
00110001000000000000100101010000000000100000001000001101000010000000000000000
10000100000100001000000000000000000001000000100011000000100000000000001000000
01000000110000000000010000100000110000010000000100100010000000101000000000000
00000000000001000000000000000000001110000000000000000000001000000100000100000
00000010000000100000000000000001000000000000000000000000000000010001110000000
00000000001010000000000011000000000000000110000000000000000000000000000000000
10000000000000000100001100111000001100000001000000010000000000000000000000000
00000000000100010000000000000010010010000000010000000000000000000000000000000
00101000000001000011000000000100100000001000000001000000000001000000000000000
01000001000000100000100000000000000001100000101010000001010100000010000000000
10010000110000001000000001000000000000000000000100101100000010001000000000000
00000000000010000000010010100001000100000000000000000000000000100000001010000
00000000000100000000000000010000011000010110000000000000100000000100000001000
00000000001000000100000100001000100010000000000000000010001000010001110100000
00000000000001000000001001000000000000000001000000010000000000000000000000000
10000000000000110000000000100010001100000000010001000000000000000000000000000
01000010000000000000000000000100000011101000000010000000000001000000000000000
00100000000010000011000010010001010000000000101000100000000000001000000000000
00000000000100000000100000000000100000000010000100000001000000000010000000000
00000001110001001000000001000000000100000100000000001000010110100000001000000
10000000000000000100010100101000001000000000000000000100000000000100000010000
00000000001000100000000000000000000000010000000000000000000000010001110101100
00000000000000000000000000000000010011000001000001010000101000000000000000000
00000000000010000000001010010011100100100000010010000000000000000000000000000
01000000000100010000000001100100001000001010100000100010000001001000000000000
10000000000001000000000000000000000010000100001000000000000000000000001000000
00000000000000000011100000000000000000000000000100000000000000100010000000000
00000000000000100100000100001000010100000000000000001001000000000100110010000
00100000010000001000010000000000101001010001000001000000000010010001000101000
00000000100000000000000011110001000000100000000000010100010100001000000000000
00000000001110000000000000000000000010001110010010000000000000000000000000100
10000000000001000000000000000010010100000000100000100000001000000000001000000
00000000000000000000001000000100000000000000001000000000100001000000000000000
00000000000000010000000000000000101000000000000100000000000000100110110000000
01000000000000100001100101101000000011000000000000001000000000010001000011000
00000000000000000110000010010001000100110011000001000010000000001000000100000
00000000000000000000010000000000011000001100110000010001000000000000001000000
00000000000110000000000000000000000000000000000010000100000010000000010000100
10000000010001001000000000000000100110000000001000100000000100000100100000000
00000000000000000000000000100010000001000001000000000000000000001000000000000
00000000001000000000000001000100000000100000000100000000011001110011001011000
00000000000000100000101000011001011000010110000001001000000000000000000100000
00000000000000000001000110000000000010001000110000000000100000000000010000000
00000000000000010100000000000000100100000000000000010000000000000000100000000
00000000000100000010010000000000001000000000001010100000000000001100000000100
10000000000011000000000001100000010101000011000000000111000010000000011001000
00000000000000000000000000000000000010100100100000000000000000010001000000000
00000000000000000000000000000010000000011000010101000000000100100010101010000
00000000000000001000100000010001100000000001000000001000000001001100010100000
00000000000000100001000010001100001000000000001000000000000000000000000000100
00000000000000000000001100000000010111000000000000110000011000000000000001010
00000000001000000100010001100000000000100110100010000000000000010000000000000
00000000000101000010000000000000001000000000000001000100100000000001100000000
00000000000010000000000000000000100100011000010100000000000010001100011000000
10000000000000010000100000000001000010000001000000000000000000100010000110000
00000000000000000001000000010010010001000010101000001001000000000000111001100
00000000000000000000000000000000000000000101000000100010000101001000000000000
00000000000000100000000010101000001100100000000011010000000000010101010000000
00000000000000001000010001000100000010001000010000000000000000000000001000000
00000000000000000100001100000000110000010000101100000000000000000000000000100
00000000000101000010100000000000001101000000000000000100011010000000100001010
00000000000010000001000000000001000000000110000000100000100000101010000110000
00000000000000000000000000000000000010100001000001000000000000010100011000000
00000000000000000000000000010010000000000000110000001000000001000001110000000
00000000000000000000000000100000110100001011000110010000000100001000000000000
00000000000000000000110011000000001001010000001000000001000000000000001001100
00000000000000110001000000001000000010000100000000100000000000000100010000000
00000000000000000110000000000100000100000000100001000010000010000000101000000
00000000000001001000001100000001001000100001011000000100000000111011010110100
00000000000100000000000000000000010010001000000000000000011000000000000001010
00000000000010000000000000000000100001000010000110000000100001000100100000000
00000000000000000000100000110010000100010100100000101000000000000000001000000
00000000000000000001010001000000000000000001000001010000000100001000010000000
00000000000000000000000000000000011000100010010000000000000000010001010000000
00000000000000000010000010000000000110000000001000000001000010000000101001100
00000000000000000100000000001001100001001001100100000000000000101110010010000
00000000000000100000100000000000001000000100000000100100000000000000101100000
00000000000001000001001000000100000010010000001011000000000001000000000000100
00000000000100000000000100000000010100000011010000000010111000010101010001010
00000000000010001000010000100010000000100000100000001000000100001000001000000
00000000000000000000000001010000001001001000000000010000000010000000100000000
00000000000000000010000000000000100000000110000100100000000000000000010000000
00000000000000000001100000000001010110000001011001000000000000101010011000100
00000000000000000100000010000000000000010000100010000000000000010101100011000
00000000000000000000000000001000001000100001000000000101000001000000000100000
00000000000000000000000000000000000111001000000000000000000000001000011000100
00000000000001000000010000000100100000000110001100000000000100000000110000010
00000000000000100001101000100010011000010000100001101000111010010100001001000
00000000000110000010000100000001000000000011010000010000000000100001000000000
00000000000000000000000001010000000101100000000000000000000000001000110000000
00000000000000001000000000000000000010001000000010000000000000000010000000100
00000000000000000100000000000000010000000101101000000000000001001100011010000
00000000000000000001000000000000101000000000010101100000000000010000100001000
00000000000000000000110010001000000110010010000000000100000100000001011100100
00000000000000000010000000000111001001100001000000000001000010100000000000010
00000000000001000000000000000000000000001000001000000000000000011100110001000
00000000000000000000000000100000110100010110100000001000101000000000001000000
00000000000000000001001000000000000010000000000010010000010000001000110000100
00000000000010000000100001010000000001000001010101100000000001000011000000000
00000000000100100100000100000000011000100000000000000000000000000100011010000
00000000000000001000000000000001000000001010101000000000000100111000000001000
00000000000000010010010000001010000110000101000000000000000010000000110000100
00000000000000000001000000000100101001010000000000000100000000000000001000010
00000000000000000000000010000000000100000000010001000000000000010101100000000
00000000000000000000100000100000010010100010000110100000000000001000010001100
00000000000001000000000000000001001000011001001000001001101001001000011100000
00000000000000000100000000010000100001000000100000010000000000100010100000000
00000000000000000010001001000010010000000100000000000000010000010100010010000
00000000000010000001000000000100000100000011000000000000000110001001001001000
00000000000000001000010000001000001010000000010001000000000000000000110000100
00000000000100100000100100000000000001101000101000000000000000000000000000000
00000000000000010000000000000001100100010000000110100000000000111100001000110
00000000000000000000000010100000011010000111000000000100000001000000110001000
00000000000000000111000000000010000000000000000000000000000000000001010000000
00000000000001000000000000010100000001010000000000001000000000011000100000000
00000000000000000000000001000001111000101000010000010000101000001110011010000
00000000000000000000100000001000000100000011001001000000000110000000000001100
00000000000010001000011000000000000010000000100000000001000000110000010000000
00000000000000000000000000000010000001000000000100100000010000001101101000000
00000000000000100001000000100000101100000100000010000000000001000000000000100
00000000000100010110000100000101010010011001000000000000000000000000110001010
00000000000000000000000010010000000000100010011000000000000000011000011000000
00000000000001000000000000001000001001000000100000000000000000100000000000000
00000000000000000000100001000000010000000000000001001000000000001101110010100
00000000000000000000000000000010100100010001000000000000000110010010000001000
00000000000010001001010000000101001010001110000000010100000000001100011000000
00000000000000000010001000100000000000000000000100100000101001000000100000000
00000000000000100100000000010010100001100000000010000000000000111000000000100
00000000000000010000000100001001010100000000011000000000000000000000110000000
00000000001100000000100010000000001010000001100000000000000000000101011001010
00000000000001000000000000000100000000010010000000000000000000011000000000100
00000000000000000001000001000000000001001000000001000000000000000000010010000
00000000000000001000000000000010111100000100000000000000000010101000101001000
00000000000010000010010000100000000000100001000000001000000101000100010000000
00000000000000000100001000011101000010010000001100000000000000011011100000000
00000000000000110000000000000010100000000010010000100000000000001100000000100
00000000000000000000100110000001011001000000100010010000000000010000010000000
00000000000101000001000000000000000100001000000000000000000000100000111001000
00000000000000000000000001001100000010000000000000000000000000001000000000100
00000000001000001000000000110010000000000101000001000000000000010100010000010
00000000000010000010010000000000101001110010000000000000000000001001101010000
00000000000000000100000000000000010100000000001000000000000011000000000001000
00000000010000110000101000000001000000000000000000000000000100101100010000100
00000000000000000001000110000110101010001000010100000000000000010000110000000
00000000000101000000000000001001000000000001100000001000000000001000001000000
00000000000000000000000001110100010001000000000010100000000000010111110000000
00000000000010001000000000001010000000010010000000000000000000001000000001100
00000000000000000010010000000000000100100100000000000000000000000100000000000
00000000001000000100100000000000101000000000000001000000000000101000011000000
00000000000000110001001000010001000010000000001000000000000001010000110010010
00000000000001000000000110100110010001001001000000000000000010001000000001100
00000000000100000000000000000000001100000000000000000000000000010101100000000
00000000010010000000000001001000100000010010010000000000000100001000011000000
00000000000000001010010000000101000000000000100000000000000000100100010000000
00000000000000000000100000001010000010100000000100000000000000001000100000100
00000000000000000101000000110000010001000000000010000000000000010000000001000
00000000001001110000001000010101000000000101000000000000000000001110011000000
00000000000100000000000110000010101100001000000000000000000001000001110000000
00000000000010000000000001000000000000000010001001000000000000011100000000100
00000000000000000000110000001000000000010000000000000000000000100000000011000
00000000000000001011000000100100011010000000000000000000000010001000111000010
00000000010000000000000000000011100001100000000000000000000000010000010000000
00000000000001100100000000011000000100000000010000000000000100001100000000100
00000000001110010000001010000100000000000001000000000000000000000001100000000
00000000000000000000000101110001000000001000100000000000000000111100011001000
00000000000000000000110000001010000000000110000000000000000001000000110000000
00000000000000000011000000000100111000010000000010000000000000001100000000100
00000000000001001000000000010000000011000000000000000000000000000010001000000
00000000000110000000000000100010000100000000000001000000000000011000010000000
00000000011000100100001000001001000000100000001000000000000000000001110011000
00000000100000010000100011000100000000000001000000000000000010111100000000100
00000000000000000001010100010000111000000000000000000000000000000000101000010
00000000000000000010000000101011000000001010000000000000000100001100010000000
00000000000011000000000000010100000001000000000000000000000000000000010000000
00000000000100001000000000000000000110010000000000000000000001011100100001100
00000000001000100100100001001000000000000000000000000000000000000001011000000
00000000000000000001001010110110100000000100000000000000000000100000000000000
00000000010000010010010100000001001000100001000000000000000000011000101000000
00000000000111000000000000011000010000000000000000000000000000001110010000000
00000000000000000000000000100000000000000000000001000000000000000000010001100
00000000001000000001100000000110000001000010000000000000000010001100100000000
00000000100000001100000001001001000100001000000000000000000000010001010000000
00000000000000100000001010010000100010010000000000000000000100100100001000110
00000000000011000010010000110100001000000000000000000000000001001000110000000
00000000010100010000000100001010010000000000000000000000000000010000001001000
00000000000000000001100001000000000000100001000000000000000000001000110000000
00000000001000000000000000111001000000000000000000000000000000000100000000000
00000000000010000110000010000100100001000000000000000000000000001001010000100
00000000000101101000010000010010000100000000000000000000000000010100001000000
00000000000000000001001000100000000000000010000000000000000010101010110001000
00000000001000000000100101001101001010001000000000000000000000000100000000000
00000000110000010000000000010000010000010000000001000000000000010000111000100
00000000000010000000000000001010000000000000000000000000000101001000010000000
00000001000101000111000010110000100000100001000000000000000000001001000000000
00000000000000000000010001000100000001000000000000000000000000000100101001010
00000000000000101000101000111001000000000000000000000000000000110000010000000
00000000001010000010000100000000000100000000000000000000000000001100010000100
00000000010100000001000001001010001000000000000000000000000000000000101000000
00000000000001010000000010110100000000000010000000000000000010000000010000000
00000000000000000100100000000000110010000000000000000000000000011111000001000
00000000101010000000010000010001000000011000000000000000000000001000111000100
00000000000000101001001000101110000000100000000000000000000001000000000000000
00000000000100000010000101011000000001000001000000000000000000100100110000000
00000000010001000000000010000000000000000000000000000000000100011000001000000
00000001000000000000100001100000000100000000000000000000000000000000010000000
00000000001010010111010000010001001000000000000000000000000000000101010001110
00000000000100000000000000101110100000000000000000000000000000001000101000000
00000000000000100000001000010000010000000000000000000000000010010000010000000
00000000000011001001100111101000000010000010000000000000000000001100101000000
00000000111000000000000000010100000000100000000000000000000000100010000000100
00000000000100000110000000000001000001010000000000000000000001001001010001000
00000000000000000000010001001010000000000001000000000000000000010100110000000
00000000000000010000000010110000000000001000000000000000000000000000011000000
00000000000011100001101000101000101100000000000000000000000000001000000000000
00000000001100001010000101010100000000000000000000000000000100000100101000100
00000001010000000001000000000000000000000000000000000000000000000000010000000
00000000000010000100010000110011010000000000000000000000000010011001011001010
00000000100000000000100011101000000010100000000000000000000000100000100000000
00000000001101000010000000000100000000000000000000000000000000001100010000100
00000000000000110000001100011000000001000000000000000000000001000010100000000
00000000010000001001000011000000000000000010000000000000000000010100011000000
00000000000010000100000000111011100000010001000000000000000000001001000001000
00000000000100000010110000000100001100000000000000000000000000000000011000000
00000000001001000001000001110000000000000000000000000000000000001000110000100
00000000000010000000000100100000000000000000000000000000000010000100001000000
00000001100000100000001011001000000000000000000000000000000100110000110000000
00000000011100011010100000010010010000100000000000000000000000000000000000000
00000000000000000101010010101100000010000000000000000000000000001101011001110
00000000000001000000000001010001000001000000000000000000000001000000100000000
00000000000010000000000100100000100000000000000000000000000000001010011000000
00000000000100000011001000001000000000000000000000000000000000010000010000000
00000000011000000000100001110110000000000000000000000000000000000100100000000
00000000000010101100000010000000001100000001000000000000000010001001011001100
00000000100001010000010000011000000000000000000000000000000000100000100000000
00000000000100000011000101100001000000000000000000000000000000000100011000000
00000001001000000000100011100000000000100000000000000000000000011000000000000
00000000000000000000001000011100000000000000000000000000000000000000011000100
00000000010010000001000010100010010010000000000000000000000101000000110000000
00000000000101100110010100010000100001000000000000000000000000001101000001010
00000000001000001000000001001000000000000000000000000000000000000010111000000
00000000100010010000100000100000000000000000000000000000000010010000000000000
00000000000000000001001001010101000000000000000000000000000000001100011000100
00000000010100000010000010101010000100000000000000000000000000100000100000000
00000000000001000100000100110000000000001100000000000000000000000001011000000
00000000001000000001110011000000000000000000000000000000000000001000010001000
00000001000010101000000000000000000000100000000000000000000000000100100000100
00000000000100000010001111111100001000000000000000000000000001010000011000000
00000000101000010000000000000000100010000000000000000000000000000000100000000
00000000010011000001100001100011000001000000000000000000000010001010011000010
00000000000000000100010000011000000000000000000000000000000000000101000000000
00000000000100000010000010100000000000000000000000000000000100001000011001100
00000000000000100001001101010100000000000000000000000000000000110000110000000
00000000001000001000000010101000000000000000000000000000000000000100001000000
00000000010011000000100000000010000100000000000000000000000000000000110000000
00000000100100010110000101110000000000000100000000000000000000001001000000100
00000001000000000001010011000001000000001000000000000000000001000000011000000
00000000001000000000101010101100000000100000000000000000000010000000110001000
00000000000010000000000000010000100010000000000000000000000000011110001000000
00000000010101100011000101100000000000000000000000000000000000000000011000010
00000000000000001000000000011010000000000000000000000000000000000000100000100
00000000000000000100010010100000000000000000000000000000000000000101010000000
00000000101010010000101001000100000000000000000000000000000000101000100000000
00000000000100000011000111110000000000000000000000000000000000000000011001000
00000000010001000000000000001001000000000000000000000000000000010000011000100
00000000000000100000000010100000000000000000000000000000000011001000000000000
00000001001010000101101101010010000100000100000000000000000000000101111000000
00000000000100001010010010000000000000001000000000000000000000000010100000000
00000000000000000000000001101100100010000000000000000000000000000000010000000
00000000110001010000000000110000000000000000000000000000000000001000011001110
00000000000000000001100110000000000000000000000000000000000000010100000000000
00000000001110000010001001101000000000000000000000000000000000000000111000000
00000000000000100100010011010011000000000000000000000000000000001001000000000
00000000000000000001000100000100000000000000000000000000000010100000111000100
00000000010011001000000010110000000000000000000000000000000001000100000000000
00000000001100000010101001000000000000000000000000000000000000000000011001000
00000001100000010000000110101000000000000100000000000000000000001010110000000
00000000000000000101010001100000000000000000000000000000000000010001001000000
00000000000000000000100010010010000000001000000000000000000000000000010000100
00000000000111100000001000001100100010000000000000000000000000000100110000010
00000000011000000011000101100001000000000000000000000000000000001000001000000
00000000000000001000000011010000000000000000000000000000000000000000101001000
00000000000000000000010110100000000000000000000000000000000010000000010000100
00000000100110010110100000010000000000000000000000000000000001011101010000000
00000000001001000001001001101110000000000000000000000000000000000000101000000
00000000010000000000000010000000000000000000000000000000000000000010010000000
00000001000000100000000111100000000000000000000000000000000000000000011001000
00000000000100000000111000000000000000000100000000000000000000000000100000100
00000000000010001111000101011000000000000000000000000000000000001101011000000
00000000001000000000000010100001000000001000000000000000000000000000100000010
00000000100001010000000000010100000000000000000000000000000000010000011000000
00000000010100000001100111100010000000000000000000000000000010001000000000100
00000000000010000010011011101000000000000000000000000000000000000000110001000
00000000001000100000000000010000000000000000000000000000000001000101011000000
00000000000000000100000100000000000000000000000000000000000000000010001000000
00000000000101000001101011000000000000000000000000000000000000000000110000000
00000001010000001000000000100100000000000000000000000000000000001000010000100
00000000100010000010010111001000000000000000000000000000000000010000101001000
00000000001000010000000010110011000000000000000000000000000000000101010000000
00000000000000000001100101100000000000000100000000000000000000000000001000010
00000000000100100100001000010000000000000000000000000000000010001000110000100
00000000000011000010000010001000000000000000000000000000000000000000001000000
00000000010000000001010111000100000000000000000000000000000000000000110000000
00000000001100000000101001100000000000000000000000000000000000000111011001000
00000000100000001000000000110000000000000000000000000000000000011000010000000
00000000000000000000000110000010000000000000000000000000000000000000100000100
00000001000011010111010011001000000000000000000000000000000001000000001000000
00000000011000100000101100100001000000000000000000000000000000000000110000000
00000000000100000000000011010100000000000000000000000000000000000001011001000
00000000000000000000000000000000000000000000000000000000000000001100000000110
00000000000010000011000111100000000000000000000000000000000010000000111000000
00000000100000000000111000111000000000000000000000000000000000010000010000000
00000000000101001100000110000010000000000000000000000000000000000010101000000
00000000011000000001000001000000000000000000000000000000000000001001010000000
00000000000000010000001011100100000000000000000000000000000000000100000001100
00000000000010100010110100010000000000000000000000000000000000000000111000000
00000001000000000000000010001000000000000000000000000000000000000000010000000
00000000001100000001000111100001000000000000000000000000000000000001101000000
00000000110001000100001000000000000000000000000000000000000000011000010000100
00000000000000000010100011110010000000000000000000000000000000000000100001010
00000000000010001000010100000000000000000000000000000000000000000010011000000
00000000000100000001000001001100000000000000000000000000000000000100010000000
00000000000000010000001110110000000000000000000000000000000000000001101010000
00000000001000100000100010000000000000000000000000000000000000001000010000100
00000000010001000011010001100000000000000000000000000000000000000000111001000
00000000100010000100001111000000000000000000000000000000000000010000000000000
00000001000100000000000010001000000000000000000000000000000000000001110000000
00000000000000000000100100110110000000000000000000000000000000000100000000100
00000000001000001010000001000001000000000000000000000000000000001010111000000
00000000000000000001011110000000000000000000000000000000000000000000010001000
00000000010010000000000001110000000000000000000000000000000000000001001000000
00000000000101110101100010001000000000000000000000000000000000000000110000000
00000000100000000000000111100000000000000000000000000000000000000000001010100
00000000000000000010011000000000000000000000000000000000000000011000110000000
00000000001000000000000110000100000000000000000000000000000000000101010001000
00000000000000000000100001110010000000000000000000000000000000000010100000000
00000000010110000001001011000000000000000000000000000000000000000000011000100
00000000000000001000000100001000000000000000000000000000000000000001100000000
00000001000001000110010110110000000000000000000000000000000000000000010001000
00000000000000000001100011000000000000000000000000000000000000001000101000000
00000000101000110000001000000000000000000000000000000000000000000100010000000
00000000000100000000000011100100000000000000000000000000000000010011011010100
00000000010010000010010100001000000000000000000000000000000000000000100000000
00000000000000000001101111110010000000000000000000000000000000000000110001000
00000000000000000000000000000000000000000000000000000000000000000000000000000
00000000000001000100000010000000000000000000000000000000000000001001011000100
00000000001000001000000101000000000000000000000000000000000000000000100000000
00000000000100000001111010110000000000000000000000000000000000000111110001000
00000000100010000010000111001100000000000000000000000000000000000000000000000
00000000010000100000000000000000000000000000000000000000000000010000011010000
00000000000000010000001111100000000000000000000000000000000000000000110000100
00000000000000000001110000000000000000000000000000000000000000001001001000000
00000000001000000110000010110010000000000000000000000000000000000010100001000
00000000000101000000000101000000000000000000000000000000000000000100110000000
00000000000000000000001010001000000000000000000000000000000000000001010000100
00000000000010001001100101000000000000000000000000000000000000000000000001000
00000000010000000000010010110100000000000000000000000000000000000001101010000
00000000100000000000001100000000000000000000000000000000000000000010010000000
00000000000000000010000011000000000000000000000000000000000000011000100000000
00000000001100100001100000100000000000000000000000000000000000000101010000100
00000000000000000100011111000000000000000000000000000000000000000000101101000
00000000000001010000000010011000000000000000000000000000000000000010010000000
00000000000010000010000100100010000000000000000000000000000000000001100000000
00000000010000000001100001000000000000000000000000000000000000000000010011000
00000000000000001000011110000100000000000000000000000000000000001000101000100
00000000000000000000000001000000000000000000000000000000000000000101000000000
00000000101100000000000010110000000000000000000000000000000000000010010000000
00000000000000000001101100000000000000000000000000000000000000010001100001000
00000000000000000110000010001000000000000000000000000000000000000000000010000
00000000000000000000010101100000000000000000000000000000000000000010111100100
00000000010011000000000010000000000000000000000000000000000000000001010000000
00000000000000000001101001010000000000000000000000000000000000001100100001000
00000000000000000010010110000000000000000000000000000000000000000000000000000
00000001001100000000000001100100000000000000000000000000000000000001111000000
00000000000000001000001100000000000000000000000000000000000000000010000010100
00000000100000000001100010001000000000000000000000000000000000000001000001000
00000000000000000100000000000000000000000000000000000000000000010100100000000
00000000000000000000010110110000000000000000000000000000000000000010010110000
00000000010010000010001001000000000000000000000000000000000000001001001001000
00000000000000000001100111000000000000000000000000000000000000000000110000000
00000000000001000000000000000000000000000000000000000000000000000000000000100
00000000001100000000011000100000000000000000000000000000000000000111100000000
00000000000000000010000110010000000000000000000000000000000000000000010001000
00000000000000000001100001001100000000000000000000000000000000000001101010000
00000000100000001000000110000000000000000000000000000000000000001000000100000
00000000000000000100011000100000000000000000000000000000000000000010000011000
00000000010000000000000000000000000000000000000000000000000000010100010000100
00000000000010000001100011000000000000000000000000000000000000000001000000000
00000000000000000010001100000000000000000000000000000000000000000010101000000
00000000000000000000000001010000000000000000000000000000000000000000110101000
00000000001100000000010110100000000000000000000000000000000000000001000010000
00000000000000000001100000000000000000000000000000000000000000001100000000000
00000000000000000000001010001000000000000000000000000000000000000011110001000
00000000100000000010010101000000000000000000000000000000000000000000001010100
00000000010000000100000000100000000000000000000000000000000000000000000000000
00000000000000001000101010010000000000000000000000000000000000000010000100000
00000000000000000001000100000000000000000000000000000000000000000100000011000
00000000000010000000000001000000000000000000000000000000000000010001110000000
00000000000000000000010000000000000000000000000000000000000000001000000000000
00000000001100000010101110000000000000000000000000000000000000000011101111000
00000000000000000001000001100000000000000000000000000000000000000100010000000
00000000000000000000000010000000000000000000000000000000000000000000000000100
00000000100000000000011100011000000000000000000000000000000000000000000000000
00000000010000000100100000000000000000000000000000000000000000000011100011000
00000000000000000000000111100000000000000000000000000000000000000000001000000
00000000000000000011000000000000000000000000000000000000000000001000010110000
00000000000000000000001000000000000000000000000000000000000000000110000001000
00000000000000000000010000000000000000000000000000000000000000000001000000000
00000000001010001000100111000000000000000000000000000000000000000000100110000
00000000000100000001001000000000000000000000000000000000000000000000010000000
00000000000000000000000100110000000000000000000000000000000000000100001001100
00000000000000000010110010000000000000000000000000000000000000000011100010000
00000000110000000100000001000000000000000000000000000000000000000000000000000
00000000000000000000001100000000000000000000000000000000000000001000000101000
00000000000000000001000010000000000000000000000000000000000000000010010010000
00000000000000000000000000100000000000000000000000000000000000000000001000000
00000000000000000000111001000000000000000000000000000000000000000101000000000
00000000000000000000000100000000000000000000000000000000000000000000100111000
00000000001000000010000000000000000000000000000000000000000000000000000000000
00000000000000000001000110010000000000000000000000000000000000000000000010000
00000000000100000000111000000000000000000000000000000000000000000011010000000
00000000000000000100000011100000000000000000000000000000000000001100101101000
00000000000000000000000000000000000000000000000000000000000000000000000000000
00000000010000000000000100000000000000000000000000000000000000000010000010000
00000000000000000011001001000000000000000000000000000000000000000000000001000
00000000000000000000110000000000000000000000000000000000000000000000000110000
00000000000000000000000110000000000000000000000000000000000000000001010000000
00000000000000000000001000100000000000000000000000000000000000000000001000000
00000000000000000000000000000000000000000000000000000000000000000100100000000
00000000000000000001100000000000000000000000000000000000000000000000000011000
00000000000000000000010111010000000000000000000000000000000000001010000100000
00000000000000000110000000000000000000000000000000000000000000000000000010000
00000000000000000000001100000000000000000000000000000000000000000001000001000
00000000000000000000000000000000000000000000000000000000000000000000010000000
00000000000000000001110011100000000000000000000000000000000000000100101100000
00000000000000000000001000000000000000000000000000000000000000000010000010000
00000000000000000000000000000000000000000000000000000000000000000000000000000
00000000000000000000000100000000000000000000000000000000000000000000000000000
00000000000000000010100000000000000000000000000000000000000000000000000011000
00000000000000000000010010000000000000000000000000000000000000000001000100000
00000000000000000001001101000000000000000000000000000000000000000000000000000
00000000000000000100000000100000000000000000000000000000000000000000010000000
00000000000000000000000000000000000000000000000000000000000000000110101011000
00000000000000000000101010000000000000000000000000000000000000000000000000000
00000000000000000000010101000000000000000000000000000000000000000000000100000
00000000000000000011000000000000000000000000000000000000000000000000000010000
00000000000000000000000000000000000000000000000000000000000000000000000000000
00000000000000000000000000000000000000000000000000000000000000000001000000000
00000000000000000000100000100000000000000000000000000000000000000000000001000
00000000000000000000011110000000000000000000000000000000000000000010000000000
00000000000000000000000001000000000000000000000000000000000000000000000110000
00000000000000000001000000000000000000000000000000000000000000000100001000000
00000000000000000100001100000000000000000000000000000000000000000000100000000
00000000000000000010100010000000000000000000000000000000000000000000000010000
00000000000000000000010000000000000000000000000000000000000000000000000001000
00000000000000000000000000000000000000000000000000000000000000000000000000000
00000000000000000000000001100000000000000000000000000000000000000000000100000
00000000000000000001000000000000000000000000000000000000000000000000000000000
00000000000000000000101100000000000000000000000000000000000000000011000000000
00000000000000000000000010000000000000000000000000000000000000000000000010000
00000000000000000000010000000000000000000000000000000000000000000000000000000
00000000000000000010000100000000000000000000000000000000000000000000000001000
00000000000000000000001001000000000000000000000000000000000000000000000000000
00000000000000000001000000000000000000000000000000000000000000000000000110000
00000000000000000000100000100000000000000000000000000000000000000000000000000
00000000000000000000000010000000000000000000000000000000000000000000000000000
00000000000000000000010000000000000000000000000000000000000000000000000000000
00000000000000000000000000000000000000000000000000000000000000000000000000000
00000000000000000000000100000000000000000000000000000000000000000000000000000
00000000000000000000001001000000000000000000000000000000000000000000000011000
00000000000000000011100000000000000000000000000000000000000000000000000000000
00000000000000000000000010000000000000000000000000000000000000000000000100000
00000000000000000000000100000000000000000000000000000000000000000000000000000
00000000000000000000010000100000000000000000000000000000000000000000000000000
00000000000000000000001000000000000000000000000000000000000000000000000000000
00000000000000000000000000000000000000000000000000000000000000000000000010000
00000000000000000000100001000000000000000000000000000000000000000000000000000
00000000000000000001000000000000000000000000000000000000000000000000000000000
00000000000000000000000010000000000000000000000000000000000000000000000000000
00000000000000000010000100000000000000000000000000000000000000000000000001000
00000000000000000000010000000000000000000000000000000000000000000000000100000
00000000000000000000001000000000000000000000000000000000000000000000000000000
00000000000000000000000000000000000000000000000000000000000000000000000010000
00000000000000000000100000100000000000000000000000000000000000000000000000000
00000000000000000000000001000000000000000000000000000000000000000000000000000
00000000000000000001000000000000000000000000000000000000000000000000000000000
00000000000000000000000110000000000000000000000000000000000000000000000000000
00000000000000000000000000000000000000000000000000000000000000000000000000000
00000000000000000000000000000000000000000000000000000000000000000000000000000
00000000000000000000000000000000000000000000000000000000000000000000000000000
00000000000000000000000000000000000000000000000000000000000000000000000000000
00000000000000000000000000000000000000000000000000000000000000000000000000000
00000000000000000000000000000000000000000000000000000000000000000000000000000
00000000000000000000000000000000000000000000000000000000000000000000000000000
