00000000000000000000000000000000000000000000000000000000000000000000000000000
00000000000000000000000000000000000000000000000000000000000000000000000000000
00000000000000000000000000000000000000000000000000000000000000000000000000000
00000000000000000000000000000000000000000000000000000000000000000000000000000
00000000000000000000000000000000000000000000000000000000000000000000000000000
00000000000000000000000000000000000000000000000000000000000000000000000000000
00000000000000000000000000000000000000000000000000000000000000000000000000000
00000000000000000000000000000000000000000000000000000000000000000000000000000
00000000000000000000000000000000000000000000000000000000000000000000000000000
00000000000000000000000000000000000000000000000000000000000000000000000000000
00000000000000000000000000000000000000000000000000000000000000000000000000000
00000000000000000000000000000000000000000000000000000000000000000000000000000
00000000000000000000000000000000000000000000000000000000000000000000000000000
00000000000000000000000000000000000000000000000000000000000000000000000000000
00000000000000000000000000000000000000000000000000000000000000000000000000000
00000000000000000000000000000000000000000000000000000000000000000000000000000
00000000000000000000000000000000000000000000000000000000000000000000000000000
00000000000000000000000000000000000000000000000000000000000000000000000000000
00000000000000000000000000000000000000000000000000000000000000000000000000000
00000000000000000000000000000000000000000000000000000000000000000000000000000
00000000000000000000000000000000000000000000000000000000000000000000000000000
00000000000000000000000000000000000000000000000000000000000000000000000000000
00000000000000000000000000000000000000000000000000000000000000000000000000000
00000000000000000000000000000000000000000000000000000000000000000000000000000
00000000000000000000000000000000000000000000000000000000000000000000000000000
00000000000000000000000000000000000000000000000000000000000000000000000000000
00000000000000000000000000000000000000000000000000000000000000000000000000000
00000000000000000000000000000000000000000000000000000000000000000000000000000
00000000000000000000000000000000000000000000000000000000000000000000000000000
00000000000000000000000000000000000000000000000000000000000000000000000000000
00000000000000000000000000000000000000000000000000000000000000000000000000000
00000000000000000000000000000000000000000000000000000000000000000000000000000
00000000000000000000000000000000000000000000000000000000000000000000000000000
00000000000000000000000000000000000000000000000000000000000000000000000000000
00000000000000000000000000000000000000000000000000000000000000000000000000000
00000000000000000000000000000000000000000000000000000000000000000000000000000
00000000000000000000000000000000000000000000000000000000000000000000000000000
10000000000000000000000000000000000000000000000000000000000000000000000000000
00000000000000000000000000000000000000000000000000000000000000000000000000000
00000000000000000000000110000000000000000000000000000000000000000000000000000
01000000000000000000000000000000000000000000000000000000000000000000000000000
00000000000000000000000000000000000000000000000000000000000000000000000000000
00000000000000000000000000000000000000000000000000000000000000000000000000000
00000000000000000000000000000000000000000000000000000000000000000000000000000
00000000000000000000000000000000000000000000000000000000000000000000000000000
10000000000000000000000000000000000000000000000000000000000000000000000000000
00000000001000001000001000000000000000000000000000000000000000000000000000000
00100000000101000000000000010001000000000000000000000000000000000000000000000
00000000100010000000000100101000101000000000000000000000000000000000000000000
00010000000000000100000011000000010000100000000000000000000000000000000000000
01000000000000010000000000000000000000000000000000000000000000000000000000000
00000000000000000000110000000000000001000000000000000000000000000000000000000
10000000000000000000000000000000000000000000000000000000000000000000000000000
00000000000000000000000000000000000000000000000000000000000000000000000000000
00000000000000000000000000000000000000000000000000000000000000000000000000000
00000000001000000000001000010000000000000000000000000000000000000000000000000
00000000000100101010000100000000000000000000000000000000000000000000000000000
00100000010001000000000010100011001110000010000000000000000000000000000000000
00000000100010000001000000001000100000000000000000000000000000000000000000000
11010000000000000000000001000000010000100100010000000000000000000000000000000
00001000000000000100000000000100000000000000100000000000000001000000000000000
00000000000000010000110000000000000001000000000000000000000000000000000000000
00000000000000000000000000010000000000000000000000000000000000000000000000000
00000000001000000000001100000000000000000000000000000000000000000000000000000
00000000000100000000000010100000000000000000000000000000000000000000000000000
10000000000000001000000000000000001000000000000000000000000000000000000000000
00100000000011000010000000000001000010100011000000000000001110010000000000000
01000001110000100000000001011010100100000000001000000010010000100000000000000
00010000000000000001000000000000010000010000010100000100000000000000000000000
00000000000000000000000100000000000001000100000010010001100001001000000000000
00000000001000000100111000100100000000001000100000001000000000000000000000000
10000000000000010000000010000000000000000000000001000000000000000000000000000
00000000000100000000000000000000000000000000000000000000000000000000100000000
00001000000000000000000000010000001000100000000000000000000000000000000000000
00000000000010001000000001000000000010000010000000000000001110010000000000000
01100000000001000000000100101001100000000001010000000000000000000000000000000
00000000110000000010000000000010010101000000000000000010010000100000000000000
10010000001000100000001010010000000000000100001000100000000001000010010000000
00000001000000000001010000000000000000010000100100000100000000000001000110000
00000000000100000000100000000000000000000000000010010001100000001100001001000
00000000000000000100000001000100000000101000000000001000000000000000000000000
00000000000010010000000100100000001000000010000001000000000110010000100000000
00000000000000000000000000001000000011000000010000000000001000000000000000000
00000000001001001000001010010000100000000001000000000000000000000000000000000
11000000000000000000000000100001010100000100000000000010010001100000000000000
00100000110000000000000001000010000000000000101000000000000000000000000000000
00000000000100000010010000000000000000100000000000000100000100000000010000100
00010000000000100001000100010000000000010010000100100001101010011011000010000
00000000000010000000100010000000000000000000010010010000000000000000100101000
00000000000000000000000000001100001011001000000000001000000000000100001000000
00000001001000000100001000100000000000000001000000000000000001000000000000000
10000000000001010000000001000000100000000100000001000010010000100000000000000
00000000000000000000000100000000010100100000100000000000000100000000000000000
00000000000100001000000010110001000000000010001000000100001010010000110000000
01000000110000000000010000000010000000000000010000000001100000001001000011100
00000000000010000000000001000000000001010000000000000000000100000000000000000
00100000001000000011001000001000000010001001000100000000000001000010000000000
00000000000000100000100000010000001000000100000010111010011000000000000100000
00000000000000000000000110000100000000100010000000000000000000110100001000000
10000000000001000000000000100000100000000000100000000000000010000000100000000
00000000000100010100000001000000010100000000011001000100000000001000010001000
00000000000000000000000000000000000001000000000000000001100100000001000010100
00000000011010001000011000100001000000010001000000000000001001000000000000000
00000000100000000000000110011010000010001110000000000010010100000000100000000
00000000000000000000000001000000000000100000000100001000000010010000000001000
00000000000000000001000000000000001000000000100010010100000000100010010100000
00000000000000100010100000000000000000000001010000100000101000001000000000100
00000000000101000000000010010100100001000000001000000001000001000101001010000
10000000001000000000001000100000000100000110000001000010010100000000100000000
00000000000010010000000101000000010000011000000000000000000010010000000001000
00000000010000000100010000001000000010100000000000000000000000000000000000000
00000000000000001000000000000001000000000000110000001100001100000000010000000
00000000100000000000000010100010000000000011000100000001100000101000100000100
00000000000000000000000101010000001000000100000010010010010001000011000111000
00000000001100000001101000000000000001001000001000100000001110010000000000000
00000000000001100010000000000100000000010000100000000000000000000000110000000
00000000000010000000000010000000100100100001000001000100100000000100001000100
00000000000000000000010000101000000010000110010000001000000000001000000001000
00000000010000010000000001010000010000000000000000000011010111100000000000000
00000000000000000000000100000000000000000000000000000000001000010001000010000
00000000001000001100001000000001000001001000000100010000000000000000100000000
00000000100100000000000010000010000000010011101010000101000100000000010101000
00000000000000000000100001100000001000100100010000100010101000000010000000100
00000000000011100001000100010100000000000000000000001000010010001000100000000
00000000000000000010010000001000000110001000000001000000000101010000010010000
00000000000000000000001010000000100000000111100000000000100000100101001001100
00000000011000010000000000000000000000000000000000000101000010000000000000000
00000000000000000000000001100000010001010000000100010010001100001000100000000
00000000000100000000000100000000000000100000011000000000010000000000000000000
00000000000000001100000000010001000000000000000010001000000000010000000001000
00000000100000000000100010000010000000001111100000100001001001000000010110000
00000000000011100000011001001100001010000000000000000110100110000011100000100
00000000001000000001000100100000000100010100000001000000000000100000000001000
00000000000000000010000000000000000001001010010000010001110100001000110000100
00000000010100010000000010010000100000100001100100000000000010010100000000000
00000000000000000000000000000000000000000000001000001010001000000000001010000
00000000000000000000001001000000010000000000000010000100000101000001000001000
00000000000000001000000100100000000000000100000000100001000000001000000000000
00000000001000000100110000001001000010010010000000000000011010000000110000000
00000000000011100000000010010110000000101001110000010010100000110000000100100
00000000100000000001000000000000001101000100000001000001000100000010100001000
00000000000100000000001101000000000000000010000100001100100000000000010010000
00000000010000010010000000100000000000001000001000000000000110001001000000100
00000000000000000000000010000000100000010101100010000011001001010100000001000
00000000001000000000010000011000000000000000010000110000010100000000100000000
00000000000000001000000000000000010010100010000000000001000010000000000000000
00000000000000000000101101000000000000000000000000000110101000101000011010100
00000000000110100100000000100101000001001100000100001000000000000001100001000
00000000000001000001000010000010000100000001100000000000000100010000000000000
00000000000000010000000000010000001000010010001001010001110010000010010100000
00000000111000000000000100000000000000100100010010100010000101000000000001100
00000000000000000010011001001000000000001000000000000100001000001000100000000
00000000000000000000000000100000000000000000100000000001000010010100000010000
00000000000000001000100010000000100010010111000100001011100100100001100000000
00000000000100000000000000010000000001000000000000010000001000001000010001100
00000000000010100000000100000100010000001000010000000000000010000000000000000
00000000001000010101001001100000000100100110001000100100110100000000000000000
00000000000001000000010000000011000000000000100010000011000001010000110001000
00000000010000000000000010001000001000000001000001010000000100000001000010100
00000000000000000010000000010000000000011100000100001001001010001010000000000
00000000000100000000100100000000000010100000000000000010100000000000100000000
00000000100000001000001001100000000001000010110000000100000100110100000001000
00000000000000000000000000000000000000000100000000100001010010000000010000100
00000000001000110000010010000100100000011011001010010001101000001000100000000
00000000000010000101000000011000000100000000000000000010000100000001000011000
00000000000000000000000100100000010000000100000100001000000011000000010000000
00000000010001000000001001000010000000100000100001010100000100010000000000100
00000000000100000010100000000001001000001000010000100011101000001000100000000
00000000000000000000000010010000000011000111000000000001000000000000000001000
00000000001000001000010000000000000000010000000000000000010110100000110000000
00000000000000000000000100100000000000100000101010000010100000010101000010100
00000000000000110001000001001100000000001110000100011001000010001010000001000
00000000000000000100001000000000000100000000000000000100001100000000000000000
00000000000010000000000010010000100000010100010000100001100000000000110000000
00000000000100000000100000100000000001000011000001010010000101000000000000100
00000000010001000010010000000010000010101000100000000001000010011000000001000
00000000001000000000000101000000011000000000000110001000011000000001110010000
00000000000000001000001000011001000000000100000000000110100100100000000000000
00000000000000010000000000000000000000010010001000110001000010000000000001100
00000000000000100001000010100000000000101101110000000000100000011100100000000
00000000000000000100000000000100000101000000000000000011000100000000000000000
00000000000000000000110101000000000000000010000000000000001010000000010000000
00000000000100000000000000010000000000010100000111011001000100000001000011100
00000000001010000010001000100000000010001000000000100100100001001000110000000
00000000000000000000000010001010100000100000100000010011010010010000000000000
00000000010001001000000000000000001000000111010000000000101100000000000000000
00000000000000010001000001010000000001000000001000001000000000100000100001100
00000000000000000000010100000000010000111000000000000011000010001000000000000
00000000000000100100100000100001000100000110100110100001000100000101010010000
00000000000000000000001000000100000000000000000000010100100000010000100001000
00000000000100000000000010001000000010010101000001000010001110000000000000100
00000000001000000010000001010000000000001010010000010001100000001000010000000
00000000000000000000000000100000000001100000000000001000010001000000000000000
00000000000000001000010100000010000000000000100000100001000010000000100001000
00000000000000010001000000000000001000000100001110001010100100010000000000100
00000000000010000000101011000000100000111010000000010101001000101001010010000
00000000000000000000000000010000000100000101010000000000000110000000100000000
00000000000000100100000000101000000010000000000000000011100000000100000001000
00000000000000000000000000000100010001010010100001110000000000000000000000100
00000000000100000000010100000001000000001000000000000000100110011000010000000
00000000001000000010000001010000000000100100000110001001011000000000100001000
00000000000000000000001010100000000000000011000000010111000000000001000000000
00000000000000001001100000000000000000010100011000001000100111000000010010100
00000000000000010000000000000010001001101000100000100000000000001000100000000
00000000000000000000000000001000000110000000000000010001100000010000000000000
00000000000000000000010101000000000000010010000000000010000110100000000001000
00000000000000000100000010110000100000000100000111001001001000000100010000100
00000000000000100000000000000100000000001011010000000100100000001000100000000
00000000000000000000001000000000000000100000100000110011010110000001000001000
00000000000000000010100001000000010001010100000000000000000000010000000010000
00000000001100000001000000110000000010000000001000011001100000000000110000100
00000000000000001000000000001001000100101010000000000000101110001000000000000
00000000000000000000010110000000001000010101000110000000000001000000000001000
00000000000000010000000000000010000001000000110000101111000000000000010000000
00000000000000000000000000000000000000000010000001010000100110000000100000100
00000000000000000000001001100000000000101000000000000001000000011101000000000
00000000000000000100100000010100000010010100000000011011000000100000000011000
00000000000000000000000010000000100000000010000010000000111110000000010000000
00000000000000000011010000001000000100000101111100100000000000000000100000100
00000000000000000000000101100000010001111000000000000100100000001000000000000
00000000001000000000000000010000000000000000000000011011000110010000000001000
00000000000100000000000000000000001010000010000001000001100000000000110000000
00000000000000001000000000000001000000110100000000011000000001000001000000100
00000000000000000000101010000010000001001010000010100001101110000000000010000
00000000000000010000000000000000000000000001110100000010000000001100010001000
00000000000000000000010001101000000100000100000000000100000000000000000000000
00000000000000000100000100010100000010010000001000011001110010010000100000100
00000000000000000011000000000000000000101010000000000000000100001000000000000
00000000000000000000000000000000100001000000000010110011100000000000110001000
00000000000000000000000011100000011000110100110001001000001110000001000000000
00000000001000000000100000000000000000000011000100000001100000000000000000100
00000000000000000000001000010000000110001000000000000100000000000000000010000
00000000000100000000010000001000000000010100000000011011000011011000010001000
00000000000000001000000000000011000001000010000010100000100100000100100000000
00000000000000000000000100000000000010100000001000010001100000000000000000100
00000000000000000000000011100000000000000000110000001000011010000000010000000
00000000000000000001000000000100000100011101000101000010000100001001100001000
00000000000000000110000000010000001001100010000000000101100000000000000000000
00000000000000000000100000000000000000000000000010110001000010010000000010100
00000000001000000000001000100000110010011100000000001000100100000000010000000
00000000000000000000010001001000000000000010000000010010000000000000100001000
00000000000000000000000000000000000000100000110000001001101010001000000000000
00000000000100000000000110010000000111010001001100000000000001000000000000100
00000000000000000000000000000010000000000110000010000111000100000101010000000
00000000000000000000000000000001001000000000000001110001110010010000100001000
00000000000000000001100000100000000000101000000000000000100100001000000000000
00000000010000000000000001000100000111010100000000001000000000000000010010100
00000000000000000010000000000000000000000010110100010001001010000000000000000
00000000001000000000011010011000010000101001000010001010100000000000100001000
00000000000000000100000000000000100000010000000000100101000100000000000000000
00000000000010000000000100100000000010000110001000010010100010011001000000100
00000000000100000000000000000000001101000000000000000001000000000000110000000
00000000000000000000000001000000000010000000000001001000100100000000000001000
00000000000000000000100000000010000000110000000110000001001011000100000000000
00000000000000000001000000010001000100001110110000010000110000001000010010000
00000000000000000000000010000000000001000001000000100111000100000000000000100
00000000011000000000011000101100010010110000000000001000000010010000100001000
00000000000000000010000000000000001000000110000010010001100000000001000000000
00000000000000000000000101000000000000001000001100000010100100000000010000100
00000000000000000000000000000000100110000000000000001001001010001000100000000
00000000000100000000100000010000000001110000100001000000000000000000000001000
00000000000010000000000000100000000000000110010000110111100100000000000000000
00000000000000000000000010000010000110000001000000000000000010010000010010000
00000000000000000001010000000001011001000000000010000001100000000000100000100
00000000001000000000001001001000000010111000000100011000010100001101000001000
00000000010000000000000000000000000000000110000000000011101010000000000000000
00000000000000000000000100010100000100000000001000000000000000000000010000000
00000000000000000010100000100000000000010000100010101101100100000000100000100
00000000000100000000000000000000101011101010010001010010000010010000000001000
00000000100000000000000010000000000000000101000100000001000000001000000000000
00000000000000000000010001000000010110000000000000000000101100000000010010000
00000000001010000001001000000011000000000000000000000001000010000001100000100
00000000000000000000000000011000000001110000000000011011100000000000000001000
00000000000000000000000100100000001110000110000010000100000100000000000000000
00000000010000000000100000000000000000001000101000100010110010011000110000000
00000000000000000000000010000100010000010000010100000001000100000000000000000
00000000000100000000000000000000100011100010000000011000101000000000000000100
00000000000000000010010001000000000100000101000011000001000010000100000001000
00000000001000000000001000010000001010000000000000000001000000000001010010000
00000000000000000001000100100011000000001000000000000110100100001000100000000
00000000100000000000000000001000000100110000000100010001000010010000000001100
00000000000010000000100000000000010011000110100000101010101100000000000000000
00000000010000000000000010000000000000000000000000000000000010000000110000000
00000000000000000000010001000000101000000000011010000001110100000000000000000
00000000000100000000001000010100000111010000000000000001000000001000000000000
00000000001000000000000100100000010000101111000000010110100000000001000001100
00000000000000000000000000000001000010000000000101001001001010010000110010000
00000000000000000011100000000010001100000000000000000000000100000000000000000
00000000000000000000000010001000000000010000000010100011100010000000000000000
00000000000000000000010000000000100011100110100000010000000100001000000001100
00000000110010000000001101010000000000000000000000000001100001000000110000000
00000000000100000000000000100000010100001000010000001110001110000000000000000
00000000001000000000000000000101001010000000001100000001110000010001000000000
00000000000000000000100000000000000001010000000000000000000010000000000001000
00000000000000000000011010000010010110100111000010000001000100001000110010100
00000000000000000001000100000000100000000000000000010010101000000000000000000
00000000000000000000000000011000001000000000000001100001000010100000000000000
00000000000000000010000001100000000010011000100000001100100100000000100000000
00000000011100000000000000000001000101000110000100000011000000010000010001100
00000000000010000000100000000000000000100000000010000000000110001001000000000
00000000100000000000011110000110111010000000010000010001101000000000000000000
00000000000000000000000000000000000100000000001000000010010110000000000001000
00000000000000000000000000010001010011010000000000000001100001000000110010000
00000000000000000001001000100000000000001101000000001100000010010000000000100
00000000001000000000010001001000000000100010000100100001001100001000000000000
00000000010100000000100100000010101100000000100000000010100000000000100000000
00000000000000000000000010000000000010000000000010010001000110000001010001000
00000000000000000010000000000101000001010100000001000000000000100000000000100
00000000000010000000000000010000011010000010000000000011100000001000000000000
00000000100000000000011000100000000100100000010000001000011110010000100000000
00000000001000000001000100000000110000001000000000000101100010000000010011000
00000000000000000000100001001011000010000000001100000000000100000000000000000
00000000010100000000001010000000000001010100000010010010001000000000000000100
00000000000000000000010000000100001100000001000000100001000110001001100000000
00000000000000000000000100010010000000100010100000000000100001010000000001000
00000000000000000000000000100001110010000000000000000001000100000000010000000
00000000001000000010100000000000000000000000000000001010100010000000000000100
00000000000010000000001000000000001111001100000000000101011000101000100000000
00000000110000000001010011001000000000010000000100010000000110000000010010000
00000000000100000000000100000101010000000010010010000011100000010000000001000
00000000000000000000000000010010100000100000000000000000001110000001000000000
00000000000000000000001000100000000110000000000000000000000000000000100000100
00000000001000000000110000000010001001000100000000100000000100001000000001000
00000000000000000000000100000001010000000000101000000001100010010000010000000
00000000010000000000000010001100100000011001000000001110011101000000100000000
00000000000110000011001001000000000010100000000100010001000000100000000000000
00000000000000000000010000010001001100000010000010000000100010001000000010100
00000000101000000000100000000010010010000000000000000011000100000001010001000
00000000000000000000000100100000000001000100000000000000001010010000000000000
00000000000000000000001000000100100000000000000000000000100100000000100000000
00000000010000000000000010000001000100010000000000000001000010000000000000100
00000000000100000000010000001010011000101000010000100000011100001000000001000
00000000001000000001100101010000000010000010000000011100000000110000110000000
00000000000010000000001000000111100001000100000100000010100001000001000010000
00000000000000000010010000100000000000000000100010000001000110000000000000000
00000000110000000000000000000000010110000000000000000000001000011000000001100
00000000000000000000001010000001001000000000000000000011000110000000100000000
00000000001100000000100100001000000000110000000000000000110000000000010000000
00000000000000000000000000010110100000000000000000000000001100100000000000000
00000000000000000001010001000000010011001110000000000001000010000000000001000
00000000000000000000000000000011000100000000000000010100100000011011100010100
00000000010010000000001100100000101000000000000000101000000101000000000000000
00000000001100000000110010000101000000000000000100000010001010010000010000000
00000000100000000000001000001000010000000000000010000001010000100000100001000
00000000000000000010000000010010000010110000000000000000000100001000000000000
00000000000000000000000000000000000101000000000000000000100010000001000000100
00000000010000000000000101000101101000000100000000000001001100010000000000000
00000000001000000001110000100010010000001010000000000010000000100000010011000
00000000000100000000001010000000000010000000000000000100100011000000100000000
00000000000011000000000000001001000000000000000000010000011100001000000000000
00000000000000000000010100010010100100000000000000001001000000010010000000100
00000000000000000000001000000100011000100000000000000000000010000001100001000
00000000111000000000000000000001000001010000000100000000000100110000000000000
00000000000100000000100001000000000010000100000010000010100000000000010010000
00000000000000000000000010100010100000000000000000000001011001001000000000000
00000000000000000011011100001100010000000000000000000000000110100000100001100
00000000000000000000000000000001001100001010000000000000000000010001000000000
00000000001010000000000000010010000000000000000000000100101010000000000000000
00000000010000000000110000000000000010100000000000000001000100000000000000000
00000000000100000000001100000001110001000000000000010010000000011010110011000
00000000000000000000000010000110000000010000000000001000010001100000000000000
00000000000000000000000001101000001100000100000000000000000100000001000100100
00000000100000000000000000000000000000000000000000000000101010000000000000000
00000000001000000000001000000001100010000000000000000001000000110000100001000
00000000000100000001010100010100010000000000000000000000000000000000000010000
00000000010010000000100000000010000000100000000000000000000111001000000000000
00000000000000000000000010000001000001001010000000000010011000010001010001100
00000000000000000000011000000010001100000000000000000101100000100000100000000
00000000001000000000000000001000110000000000000000000000000100000010000000000
00000000000000000000000101100100000010010100000000000000000010010000000000000
00000000000100000000000000000001000000000000000000000000000000000000000010000
00000000000000000000100000010000000000000000000000000000001001101001000001000
00000000010000000000001000000010001000000000000000000000110000000000100100100
00000000000000000000010010000000100101100000000000000001000100000000000001000
00000000000010000001000100000000010000000000000000000010000010010000010010000
00000000001000000000000000000101000010000000000000000000000000100000000000000
00000000000000000000001000001010000000000000000000000000001100000001100000000
00000000000100000000000000000000000000000000000000000000000001010010000000000
00000000000000000000010001100001111000000100000000000000110010001000000001100
00000000000000000000100000010000000100000000000000000001000000100000000000000
00000000010000000000000110000110000000000000000000000000000000000000000010000
00000000000000000000000000000000000001000000000000000000000000000001100001000
00000000001000000000001000000000000010100000000000000000001100010000000100000
00000000000010000000000000000000000000000000000000000000000001100000010000000
00000000000100000000010000001001100000000000000000000010000010000000000010000
00000000000000000000000000000000011000000000000000000000110000000000000001100
00000000000000000000000100000010000100000000000000000001000100011000000000000
00000000000000000000101000000100000000000000000000000000000000000011100000000
00000000000000000000000011010001000000000000000000000000000000100000000000000
00000000011000000000000000100000000010000000000000000000001010000000000001000
00000000000000000000000000000010100001000000000000000000000001000000000010000
00000000000000000000010000000000010000000000000000000000000000010000000000000
00000000000100000000000000000000001000100000000000000000100000100000000000100
00000000000010000000000100000000000000000000000000000000010100000001100101000
00000000000000000000001000001100000100000000000000000001000000000000000000000
00000000000000000000000000000001000000000000000000000000000000000000000010000
00000000000000000000000000000000000000000000000000000000000010011000000000000
00000000001000000000100010000010100010000000000000000000001001000000000001000
00000000000000000000010000000000010000000000000000000000000000100000000000000
00000000000000000000000000000000000000000000000000000000000100000000000000000
00000000010100000000001100000000001001000000000000000000000000000001100000100
00000000000000000000000000000001000000000000000000000000100000000000000010000
00000000000000000000000000000100000000000000000000000000000000010000000001000
00000000000000000000000000000010000100000000000000000000010010000000000000000
00000000000000000000000000000000000000000000000000000001000000100000000000000
00000000000010000000000000000000100000000000000000000000000000000000000000000
00000000001000000000010000000000010010000000000000000000001001000000000001000
00000000000000000000001010000000000000000000000000000000000100000001000010000
00000000000100000000000100000001000000000000000000000000000000000000100000000
00000000000000000000000000000000001000000000000000000000000000010000000000100
00000000000000000000000000000010000000000000000000000000000000100000000000000
00000000000000000000000000000100000000000000000000000000000000000000000000000
00000000000000000000000000000000000000000000000000000000000010000000000001000
00000000000000000000000000000000000100000000000000000000000000000000000000000
00000000000000000000000000000000100000000000000000000000000000000000000010000
00000000001000000000011000000000010000000000000000000000000000000000000000000
00000000000000000000000100000001000000000000000000000000000000000001000000000
00000000000100000000000000000000000010000000000000000000000000110000000001000
00000000000000000000000010000010000000000000000000000000000000000000100000000
00000000000000000000000000000000000000000000000000000000000000000000000000000
00000000000000000000000000000000001000000000000000000000000000000000000000000
00000000000000000000000000000100000000000000000000000000000000000000000000000
00000000000000000000000000000000000000000000000000000000000000000000000010000
00000000000000000000001000000000000000000000000000000000000000000000000000000
00000000000000000000010100000000000000000000000000000000000000000000000001000
00000000001000000000000000000001100000000000000000000000000000000000000000000
00000000000100000000000000000010010000000000000000000000000000100000000000000
00000000000000000000000000000000000000000000000000000000000000010000000000000
00000000000000000000000000000000000000000000000000000000000000000000000000000
00000000000000000000000010000000000000000000000000000000000000000000000000000
00000000000000000000000000000000000000000000000000000000000000000000000000000
00000000000000000000001000000000000000000000000000000000000000000000000001000
00000000000000000000000000000000000000000000000000000000000000000000000010000
00000000000000000000010100000000000000000000000000000000000000000000000000000
00000000000000000000000000000000000000000000000000000000000000000000000000000
00000000000000000000000000000011000000000000000000000000000000000000000000000
00000000001100000000000000000100000000000000000000000000000000000000000000000
00000000000000000000000000000000010000000000000000000000000000000000000000000
10000000000000000000000000000000001000000000000000000000000000000000000000000
00000000000000000000000010000000000000000000000000000000000000000000000000000
00000000000000000000001000000000000000000000000000000000000000000000000001000
00000000000000000000000100000000000000000000000000000000000000000000000000000
00000000000000000000010000000000000000000000000000000000000000000000000000000
00000000000000000000000000000000000000000000000000000000000000000000000000000
00000000000000000000000000000000000000000000000000000000000000000000000000000
00000000000000000000000000000010000000000000000000000000000000000000000000000
00000000001100000000100000000001000000000000000000000000000000000000000000000
00000000000000000000000000000100000000000000000000000000000000000000000000000
10000000000000000000001010000000010000000000000000000000000000000000000000000
00000000000000000000000100000000000000000000000000000000000000000000000000000
00000000000000000000000000000000101000000000000000000000000000000000000000000
00000000000000000000010000000000000000000000000000000000000000000000000000000
00000000000000000000000000000000000000000000000000000000000000000000000000000
00000000000000000000000000000000000000000000000000000000000000000000000000000
00000000000000000000000000000000000000000000000000000000000000000000000000000
00000000001100000000000000000010000000000000000000000000000000000000000000000
00000000010000000000001000001000000000000000000000000000000000000000000000000
10000000000000000000100110000101000010000000000000000000000000000000000000000
00000000000000000000000000000000010100000000000000000000000000000000000000000
01000000000000000001010000010000000000000000000000000000000000000000000000000
00000000000000000000000000000000001000000000000000000000000000000000000000000
00000000000010000000000000000000100001000000000000000000000000000000000000000
00000000000000000000000000000000000000000000000000000000000000000000000000000
00000000001100000000000000000000000000000000000000000000000000000000000000000
10000000000000000000001100000010000000000000000000000000000000000000000000000
00000000000000000000000010001000000000000000000000000000000000000000000000000
00000000010000000000110000000100000000000000000000000000000000000000000000000
00000000000000000000000000000001010010000000000000000000000000000000000000000
00000000100000000000000000000000001100000000000000000000000000000000000000000
01000000000000000011000000010000000000000000000000000000000000000000000000000
00100000001100000000000001000000000000000000000000000000000000000000000000000
10000000000010000000001100000000100001000000000000000000000000000000000000000
00000000000000000000000000000010000000000000000000000000000000000000000000000
00000000000000000000010010001100000000000000000000000000000000000000000000000
00000000010000000000100000000000000000000000000000000000000000000000000000000
00000000001000000000000000000000011010000000000000000000000000000000000000000
00000000000100001100000000100001000100000000000000000000000000000000000000000
10000000000000000000001100000000000000000000000000000000000000000000000000000
01000001100000000001000000000000000000000000000000000000000000000000000000000
00000000000000000010000000010000000000000000000000000000000000000000000000000
00000000000010000000010000000110100001000000000000000000000000000000000000000
00100000011000000000100010001000000000000000000000000000000000000000000000000
00000000000100000000000001000000011010000000000000000000000000000000000000000
10000000000000000000001100000000000100000000000000000000000000000000000000000
00000000000000000000000000000000000000000000000000000000000000000000000000000
00000000000000000001000000000001000000000000000000000000000000000000000000000
01000000001000000100010000000000000000000000000000000000000000000000000000000
00000000100100001000000000100100000000000000000000000000000000000000000000000
00000000010010000010101110010010101010000000000000000000000000000000000000000
10000001000000000000000000001000010101000000000000000000000000000000000000000
00000000000000000000000000000000000000000000000000000000000000000000000000000
00000000000000000000000000000000000000000000000000000000000000000000000000000
00100000001000000001010000000000000000000000000000000000000000000000000000000
00000000000100000000001100000001001000000000000000000000000000000000000000000
00000000000000000000100001000100000010000000000000000000000000000000000000000
01000000010000000000000000000010010100000000000000000000000000000000000000000
10000000100010000100000010000000100000000000000000000000000000000000000000000
00000000001000000010000000011000000000000000000000000100000001000000000000000
00000000000100000000011100100000000001000000000000000000000010000000000000000
00000000000000001001000000000000001000000000000000001000000000000000000000000
00000000000000000000100000000000000110000000000001000000000000000000000000000
00000000010000000000000000000101010000000000000000000000000000000000000000000
10000001000000000000000000000000000000000000000000000000000000000000000000000
00000000001000000000011100000010101000000000000000000000000000000000000000000
01100000000100000000000010001000000000000000000000000000000000000000000000000
00000000100010000000000000000000000000000000000000000000000000000000000000000
00000000000000000111100001010000000110000000000000010100000000000000000000000
00000000000000000000001000000000010001000000000000000000000000000000000000000
00000000011000000000000100000100000000000000000000000000000000000000000000000
10000000000000000000010000100001001000000000000000001000000000000000000000000
00000000000100000000000000000010100000000000000000000000000011000000000000000
00000000000000000000000000000000000100000000000000000000000000000000000000000
00000000000000000000101010001000000010000000000000000000000000000000000000000
00000000000000000001000100000000011000000000000000000000000000000000000000000
01000000001000000000010000000000000000000000000000000100000000000000000000000
00000000110010000010000000010100000000000000000000000000000000000000000000000
00000000000100000000001000000000000101000000000000000000000000000000000000000
10000000000000000000000000000001100000001100000000010000000000000000000000000
00000000000000000000100100000010001010000000000000001000000000000000000000000
00000000001000000000000000000000010000000000000000100000000000000000000000000
00000000000000000001010010101000000000000000000000000000000000000000000000000
00000000000000000000001000000000000000000000000000000000000000000000000000000
00000000010000000000000000000100000100000000000000000100000010000000000000000
00000000000100000000000100000000001000000000000000000000000001000000000000000
00000000000000000010100000010000100000000000000000000000000000000000000000000
00000000100000000000010000000001010010000000000000000000000000000000000000000
10000000001010000000001000000010000001000000000000000000000000000000000000000
00000000000000000000000000000000001100000000000000011000000000000000000000000
00000000000000000001000000001000000000001100000000000000000000000000000000000
00000000000000000000000110000000000000000000000000000000000000000000000000000
00000000010100000000100000000100000000000000000000000100000000000000000000000
00000000000000000000011000000000110000000000000000000000000000000000000000000
00000000001000000000000000000000000010000000000000000000000000000000000000000
00000000000000000010000000000000001100000000000000000000000000000000000000000
00000000000000000000000000010001000000000000000000000000000000000000000000000
00000000000000000000000100000010000000000000000000000000000000000000000000000
10000000000000000001001000001000000001000000000000001000000000000000000000000
00000000000100000000110000000000011000000000000000000000000000000000000000000
00000000000000000000000000000100000100001100000000000100000000000000000000000
00000000011000000000000010000000100010000000000000000000000000000000000000000
00000000000000000000000000000000000000000000000000000000000000000000000000000
00000000000000000000000100000000000000000000000000000000000000000000000000000
00000000000000000000001000000000000000000000000000000000000000000000000000000
00000000000000000000010000000001001000000000000000000000000000000000000000000
00000000000000000010100000000010010000000000000000000000000000000000000000000
00000000000100000001000000011000000100000000000000001000000000000000000000000
00000000000000000000000000000000000000000000000000000100000000000000000000000
00000000001000000000000000000100100011000000000000000000000000000000000000000
00000000000000000000001100000000001000001100000000000000000000000000000000000
00000000000000000000000000000000000000000000000000000000000000000000000000000
00000000010000000000010000000000000000000000000000000000000000000000000000000
00000000000000000000100000000000010100000000000000000000000000000000000000000
00000000000000000000000000000000000000000000000000000000000000000000000000000
00000000000000000000000000000001000000000000000000000000000000000000000000000
00000000000100000000000000000000001000000000000000000000000000000000000000000
00000000000000000001001000001010000000000000000000001100000000000000000000000
00000000001000000000000100000000100010000000000000000000000000000000000000000
00000000000000000000010000000100000000000000000000000000000000000000000000000
00000000000000000000000000000000010100000100000000000000000000000000000000000
00000000000000000000100000000000000000001000000000000000000000000000000000000
00000000000000000000000000000000001000000000000000000000000000000000000000000
00000000000000000000000000000000000000000000000000000000000000000000000000000
00000000000000000000001000000000000000000000000000000000000000000000000000000
00000000000000000000000000000000000000000000000000000000000000000000000000000
00000000000000000000000000000000000000000000000000000000000000000000000000000
00000000000000000000010100000000000110000000000000000100000000000000000000000
00000000001000000000000000000000110000000000000000000000000000000000000000000
00000000000000000000000000000000001000000000000000000000000000000000000000000
00000000000000000000100000000000000000000000000000000000000000000000000000000
00000000000000000000000000000000000000000000000000000000000000000000000000000
00000000000000000000001000000000000000000000000000000000000000000000000000000
00000000000000000000000000000000000000000000000000000000000000000000000000000
00000000000000000000000000000000000000000000000000000000000000000000000000000
00000000000000000000000000000000000100000000000000000000000000000000000000000
00000000000000000000010000000000001000000000000000000000000000000000000000000
00000000000000000000000100000000000000000000000000000000000000000000000000000
00000000000000000000000000000000010010000000000000000000000000000000000000000
00000000000000000000000000000000000000000000000000000000000000000000000000000
00000000000000000000000000000000000000000000000000000000000000000000000000000
00000000000000000000000000000000000000000000000000000000000000000000000000000
00000000000000000000001000000000000000000000000000000000000000000000000000000
00000000000000000000000000000000000000000000000000000000000000000000000000000
00000000000000000000000000000000001100000000000000000000000000000000000000000
00000000000000000000000000000000000000000000000000000000000000000000000000000
00000000000000000000000000000000000000000000000000000000000000000000000000000
00000000000000000000010000000000000000000000000000000000000000000000000000000
00000000000000000000000000000000000000000000000000000000000000000000000000000
00000000000000000000000000000000000000000000000000000000000000000000000000000
00000000000000000000000000000000000000000000000000000000000000000000000000000
00000000000000000000000000000000000000000000000000000000000000000000000000000
00000000000000000000000000000000000000000000000000000000000000000000000000000
00000000000000000000000000000000000000000000000000000000000000000000000000000
00000000000000000000000000000000001000000000000000000000000000000000000000000
00000000000000000000000000000000000100000000000000000000000000000000000000000
00000000000000000000000000000000000000000000000000000000000000000000000000000
00000000000000000000000000000000000000000000000000000000000000000000000000000
00000000000000000000000000000000000000000000000000000000000000000000000000000
00000000000000000000000000000000000000000000000000000000000000000000000000000
00000000000000000000000000000000000000000000000000000000000000000000000000000
00000000000000000000000000000000000000000000000000000000000000000000000000000
