00000000000000000000000000000000000000000000000000000000000000000000000000000
00000000000000000000000000000000000000000000000000000000000000000000000000000
00000000000000000000000000000000000000000000000000000000000000000000000000000
00000000000000000000000000000000000000000000000000000000000000000000000000000
00000000000000000000000000000000000000000000000000000000000000000000000000000
00000000000000000000000000000000000000000000000000000000000000000000000000000
00000000000000000000000000000000000000000000000000000000000000000000000000000
00000000000000000000000000000000000000000000000000000000000000000000000000000
00000000000000000000000000000000000000000000000000000000000000000000000000000
00000000000000000000000000000000000000000000000000000000000000000000000000000
00000000000000000000000000000000000000000000000000000000000000000000000000000
00000000000000000000000000000000000000000000000000000000000000000000000000000
00000000000000000000000000000000000000000000000000000000000000000000000000000
00000000000000000000000000000000000000000000000000000000000000000000000000000
00000000000000000000000000000000000000000000000000000000000000000000000000000
00000000000000000000000000000000000000000000000000000000000000000000000000000
00000000000000000000000000000000000000000000000000000000000000000000000000000
00000000000000000000000000000000000000000000000000000000000000000000000000000
00000000000000000000000000000000000000000000000000000000000000000000000000000
00000000000000000000000000000000000000000000000000000000000000000000000000000
00000000000000000000000000000000000000000000000000000000000000000000000000000
00000000000000000000000000000000000000000000000000000000000000000000000000000
00000000000000000000000000000000000000000000000000000000000000000000000000000
00000000000000000000000000000000000000000000000000000000000000000000000000000
00000000000000000000000000000000000000000000000000000000000000000000000000000
00000000000000000000000000000000000000000000000000000000000000000000000000000
00000000000000000000000000000000000000000000000000000000000000000000000000000
10000000000000000000000000000000000000000000000000000000000000000000000000000
00000000000000000000000000000000000000000000000000000000000000000000000000000
00000000000000000000000100000000000000000000000000000000000000000000000000000
00000000000000000000000010000000000000000000000000000000000000000000000000000
00000000000000000000000000000000010000000000000000000000000000000000000000000
00000000000000000000000000000000000000000000000000000000000000000000000000000
00000000000000000000000000000000000000000000000000000000000000000000000000000
00000000000000000000000000000000000000000000000000000000000000000000000000000
00000000000000000000000000000000000000000000000000000000000000000000000000000
11000000000000000000001000001000000000000000000000000000000000000000000000000
00000000000000000000000000010000001000000000000000000000000000000000000000000
00000000000000000000000000000000100000000000000000000000000000000000000000000
00000000000000000000000100000000000000000000000000000000000000000000000000000
00000000011000000000010011100100010100000000000000000000000000000000000000000
00000000000110000000000000000000000000000000000000000000000000000000000000000
00000000000000000000000000000000000000000000000000000000000000000000000000000
10000000000000000000000000000000000000000000000000000000000000000000000000000
00000000000000000000000000000000000000000000000000000000000000000000000000000
01000000000000000000000000001000000000000000000000000000000000000000000000000
00100000000000000000001000010000001000000000000000000000000000000000000000000
00000000000001000100100000000001000000000000000000000000000000000000000000000
00000000100000000000000100000000110000000000000000000000000000000000000000000
10000000000000000010000010000000000000000000000000000000000000000000000000000
00010000011000001000010001100110000100000000000000000000000000000000000000000
00000001000110000001000000000000000000000000000000000000000000000000000000000
01000000000000000000000000000000000000000000000000000000000000000000000000000
10000000000000000000000000001000000000000000000000000000000000000000000000000
00000000000000000000000000010000000000000000000000000000000000000000000000000
00100000000000000000001000000000011000000000000000000000000000000000000000000
00000000000000000000000110000000100000011000000000000000000000000000000000000
00000000000001110100100000000001000000000000000000000000000000000000000000000
10000100100000000000000000000000000000000000000000000000000000000000000000000
01001000011100000010010001100100000100000000000000000000000000000000000000000
00010010000010001000000000000010000010000000000000000000000000000000000000000
00000001000000000001000000001000000000000000000000000000000000000000000000000
10100000000000000000000000010000010000000000000000000000000000000000000000000
00000000000000000000001110000000101000000000000000000000000000000000000000000
11000000000000000000000000000000000000000000000000000000000000000000000000000
00000000000000000100100000000001000000000000000000000000000000000000000000000
00000000000001000000000000000000000000011000000000000000000000000000000000000
00000000110100110000010001000100000000100000000000000000000000000000000000000
00010100001010000010000000101000000101000100000000000000000000000000000000000
10101000000000001000000110000010010000000000000000000000000000000000000000000
01000011000000000001001000010000100010000000000000000000000000000000000000000
10000000000000000000000000000000001000000010000000000000000000000000000000000
00000000000000000000100000000000000000000000000000000000000000000000000000000
11000000000000000100010000000001000000000000000000000000000000000000000000000
00100000110101000000000001000100000000000000000000000000000000000000000000000
00010000000010000000000110001000010000011000000000000000000000000000000000000
10000100001000110010001000100000100100000000000000000000000000000000000000000
00001001000000001000000000010010000000100000010000000000000000000000000000000
00000000000000000001000000000000000001000101001000000000000000000000000000000
11000010000000000000110000000000001010000000000000000000000000000000000000000
00100000000000000000000000000001000000000000100000000000000000000000000000000
11010000110111000100000111001100010000000010000000110000000000000000000000000
00000000000000000000001000000000100000000000000000000000000000000000000000000
10000000001000000000000000000000000000011000000000000000000000000000000000000
00101101000000110010010000110010000100000000000000000000000000000000000000000
10000000000000001001100000000000000000000000000000000000000000000000000000000
01000000000000000000000100000001100000100100010000000100000000000000000000000
00010010110111000000001010001100011011000000001000001000000000000000000000000
10000000000000000100000001000000000000000001000000000000000000000000000000000
01000000000000000000000000000000000000000000000000000000000000000000000000000
10100000001000000000010000010000000000001010100000000000000000000000000000000
00001101000000000010100000100010000000010000000000110000000000000000000000000
10110000000000111001001100001001110100000000000000000000000000000000000000000
11000000110111000000000010000100000000000000000000000000000000000000000000000
00000000000000000100000001000000000000000100010000000000000000000000000000000
01000010000000000000010000000000101010100000001000000000000000000000000000000
10010000000000000000000000010000000001000001000100000000000000000000000000000
00001000001000000010101100100011010000001000000000001000000000000000000000000
10100101010010000001000010001000000000000010000000000000000000000000000000000
00000000100101111000000000000100000000010000100000000100000000000000000000000
11100000000000000100010001000000000100000000000000000000000000000000000000000
00010000000000000000000000010000100000000100000000110000000000000000000000000
11000000000000000000001000001000011000000000010000000000000000000000000000000
10001010001010000010100100100111000010000001001000000000000000000000000000000
00010101010101000001000010000000100000101000000000000000000000000000000000000
01100000100000101100010001000000000001000010000100000000000000000000000000000
10000000000000010000000000010000000000000000000000000000000000000000000000000
00000000000000000000001000001001010000010100100000001000000000000000000000000
10101000000010000000000100100000000100000000000001000000000000000000000000000
11010000010000000010100010000110001000000000010000000000000000000000000000000
00000011101101000001010000000000100000001001001000110000000000000000000000000
01000100000000101100001001010000000010000010000000000100000000000000000000000
10110000000000010000000000001000010000000000000000000000000000000000000000000
10001000000010000000000100100101100000100100000100000000000000000000000000000
11000000000001000010000000000010000001000000000000000000000000000000000000000
00100000110100000000110010000000000100010000100000000000000000000000000000000
00000001001000001101001001011001001000001001010000001000000000000000000000000
10010110000000100000000000000000010000000010001000000000000000000000000000000
01001000000010010000000100100100100000000000000000000000000000000000000000000
10100000000000000000000000000000000010000100000001110000000000000000000000000
11010000110001000010011010000010000000000000000000000000000000000000000000000
00000001000100000100100001011000000000000000000100000000000000000000000000000
10100000001000101001000000000101110100111011000000000100000000000000000000000
11001110000011010000001100100000001001000000111000000000000000000000000000000
00010000100000000010010000000010000000000100000000000000000000000000000000000
10000000010000000000000000001001000000000000000000001000000000000000000000000
01100001000100000100100011010000100010000000000000000000000000000000000000000
10000000000000101000000100000100010000001011000010110000000000000000000000000
00011000001010000001001000100000000000000000000000000010000000000000000000000
11100110100001010000010000000000000100010100001101000000000100000000000000000
10000000010000000010000000001011101000000000110000000000000000000000000000000
00000001000000000100001011010100010000100000000000000000000000000000000000000
11010000000111101000100100000000000001000011000000000100000000000000000000000
00101000100000000000010000101011000010001100000000001000000000000000000000000
11000000001000010011000000000000100000000000000000000000000000000000000000000
10010111010000000000001000010100000000000000001000110000000000000000000000000
00100000000000000100000101000000011100010010010100000001000000000000000000000
10001000000111101000100010000000000000001001100010000000001000000000000000000
01000000100000000000011000101001100000000100000001000010000000000000000000000
10000000000000000000000000000110000000100000000000000000000101000000000000000
01110101011000010011000000010000010011000000000000000000000010000000000000000
10000010000011000100010101000001000000000010001000001100000000000000000000000
10011000100000101000001010001010101000010101010000100000000000000000000000000
01100000000100000000100000100100010100001000100100010000000000000000000000000
10000001000000000010000000000000000000000000000000000000000000000000000000000
10000000011000010000001100010001100000000110000011000000000000000000000000000
01101110100011100101010001001000000000001000001000000011000000000000000000000
00010000000000001000000000000110001010100001000000000000011000000000000000000
10000000000100000000100010100000010001010000010000000000000100000000000000000
11000001000000000000011000010001100000000000000100101100100001100000000000000
10110000010011010010000100000000010100000110100000010000000010000000000000000
01001100101000100101000001001110000000000000000000000000000000000000000000000
10000010000000001000001000000001100000001001001011000000000000000000000000000
00100001000100000000100000100000001000000100000000000000000000000000000000000
10010000100000000010010110001000010010010010010000000010000000000000000000000
11001000011011000000001000010110100000101000100100000001000000000000000000000
00000000000000110100000000000001000001000000000000101000000100000000000000000
11100111000000001001010001000000011100000101001000010100001000000000000000000
00010000000100000000100100100000000000000000000011000000010001000000000000000
10000000100011000000001000011110100000000010010000000000100010000000000000000
11101000010000000010000010000001000000010000000000000000000000100000000000000
00000000001000110100000000000000010010001100100100000000000000010000000000000
10010001100000001001011001000001100000000001000000000010000000000000000000000
00000110000100000000100100001010011000100010001000101001000000000000000000000
11100000010000000010000000100100100101001100000011010100000100000000000000000
10001001001011000000011000010000000000000000010000000000000000000000000000000
01010000000000100100000010000000010000010000000100000000001000000000000000000
10000000100000011000000100000111001000000001100000000000000001000000000000000
00100000000100000001100001001000100010000010001000000000110010000000000000000
10000110010011000000001000110001000000000100000000000010000000000000000000000
11011001101000000010010000000000010100001000010011101000000000100000000000000
00000000000000100100000100000010100000100000000000010101000100011000000000000
10100000000000010000001010001100011001010101000100000000000000000000000000000
01000000010100001001110001000001100000001010100000000000000000000000000000000
00000001101000000000000000000000010000000000001000000000000000000000000000000
10010110000011000010001100110010000010000000000000000000001001000000000000000
10101000000000000100000000000101101100000000010011000010000010000000000000000
11000000000000100000000000001000000000000100000100101000100000000000000000000
00000000110100011000110010000000010000010011000000010101010100000000000000000
10010001001000000001001101010011100000101000101000000000000000100000000000000
01100000000011000000000000100000010001000100000000000000000000010000011010000
00001010100000000010010000001100001010000000010000000000000000001000000001000
10000100010000000100001000000001100100001000000011000000000000000000000000000
00000001001100100000100110000010010000000011000100000000000001000000000000000
10000000000000011001000000000000101000010000000000101010001010000000000000000
01110000100000000000001001010101000000000100101000000000000000000000000000000
10000000000011000010010000100000010000000000000000010101100100000100100100000
10001011010000000100000100001010100100100000010000000000000000100000000000000
01000100001100000000100000000001010011001010000011000000010000010001000000000
00110000100000100000011010000000001000000101000100000000000000001000011010000
10000000010000001001000000010100100000010000000000000000000000000010000001100
00000000000010010000000101101011010000000000101000100000000001000000000000000
00000001100001000010001000000000101100001000000000001010000010000000000000000
11001010001100000100100000000000000000000000010000000000001100000000000000000
00000000000000000000010110000001010010000110000010010101100000100000100000000
10100100010000000000001000000110100001100001000101000000000000011100000100000
00010001100000100001000000010000011000010000000000000000000000000000000011000
11000000001010001000010001101001000100001000101000000000000000000001011000000
00000000000101010010100000000000100000000100000000100000010001000000000000000
00000000110000000100001110000010010000000010010000000000000000000000000000100
10101010000000000000000000000101101010000000000000001010000010000010000000000
00010001000000000000001100010000000000000001000111000000000100111000100000000
01000100001010100001010001001000010101111000000000010101101000000000000011000
10000000110100000000000000100011101000000100001000000000000000000101000100000
00000000000001001010100010000000010000000000100000000000000001000000010000000
00000001000000010100011000000101000000000010000000000000000000000000101000000
10100010000000000000000100000000100010000000010000100000000000010000000001100
01001000111000000000000000010010011100011001000000000000010010101000000000000
10010000000110000001001111001000100000000100000111001000000000000000000010000
00000000000000100000100000100001000001100000001000000010000100000011000000000
00000101100001000000010000000100010000000000000000010000100000000000000000000
00000000011000000010001000000011101000000010100000000101001001000100110100000
10100000000100001100000100010000000110001000010000000000000000111000000001100
01000010000010010000010011001000110000010100000000000000000000000000101010000
00000000000000000001000000000011001000000001000100100000000010010001000001000
10011001110000000000101100100100010000000000000011000000000000000000000000000
00000000001000100000000000000000100001100000001000000000010001000000010000000
00000000100101000000001010000001000100001000000000001000000100100010000000000
10000100000000000010010000010000101010000110100000000010000000001100000010100
01100000010010000100000101001110010000010000010000010000100000000001100100000
00000011000000001000100000000001000000000000000000000101001000010000000001000
00000000001100010001001110100010110000000001000100000000000010000000100000000
00000000100000000000010000000001001101001000001000100000000001111000011001000
10011000010011000000000000000000100000100000000011000000000000000001000010100
00000000000000100000001001011100010010000100000000000000000000000000100000000
00000001101000000000000110000010000000010010000000000000010100100010000000000
11000000000100000010110000000001101000000000110000001000000000010100010000000
00100100010000000100001000100000010100001000000000000000000001001000000101000
00000010000000000001000100000101100001000001000100010010100010000001000010000
00000000000010001000000011000010000000000000001000000001001000000000100000100
00000001101101010000000000011000011010100100000000000100000000110000000001000
10000000010000000000011100000011100000010000000001100000000000001000100000000
00011000000000100000100000000100000100000010000010000000000000010011011000000
01000000100010000000000010100000010000001000000000000000000101100000100010100
00000000000100000010001101000011101001000000110000000000010000010100000001000
00000000011000000101010000001000000000000000000000000000000010001000010000000
10100111000001000000000000010100110000100101001100000000000000000001000100000
00000000000000000000001010000001000010000000000000001000100000100000000000000
00000000100100000000100100000010001100011000000000010000001001000000100011000
00000000011010001000000001100001110000000000000000000011000000011000100000100
00000000000000010000010100000110000001000010000001100000000000010010000000000
10000001000000100000001010001000000000000000000000000000000000100001010001000
01001000100100000000000000010010110000000100010010000100000100011000100000000
00010000010011000011000001000101001110100000101000000000010011100100000010100
00000000001000000100011110100000100000001001000100000000000000000001010000000
00000010000000000000100000000001010000010000000000000000000000000000000101000
00100100100100000000000000001010000001000000000000000000001000011000100000000
10000001010000000000000100000100101000000000000000000000100000000010100000000
00000000000000000000001011010011010000000000000000000000000001110000000011100
00000000001010000000010000000000000100101110000000010000000000001001010000000
00000000000101100000000100100010100010000000000001100000000010110000000000000
00000000110000000001101000001101000000000000011000000001000100000000100000000
01000000000000010000000011000000011001010000100100000000010000011101000001000
00000000001000000010000100000110100000000001000000000000000001000000110010100
10000011000110000100010000010001000100000000000010000000001000100000000000000
00000000100000000000000010100010110000001000000000000000000000011010100101000
00000000010000000000001100001001000000100100000000000000000000000000000000000
00000000000001000000000001000000001010000000000000000000000000110001010000100
00000000001100000000101000000110010001000010000000000000000011000000000010000
00000000010000000000010010000000100000010000001000000000000000011000100001000
00000000100010000001000100010111000100000000000000100000000100100001000000000
00000001000000000000000001101000100000001000010100010000010000001000110000000
10000000000000000000000100000001011000000001100000000000001000010100000001100
00000000001100100000000010000010000000100100000001000000000000010010100000000
00000000000000000000001000000000000000000000000000000000000001101000010010000
00000010010001000000010000000111100011000000000000000000000000000001000000000
00000000100010000000100011110000010100000000000000000000000010010000100001000
00000000000100000000001100001100101000011000000000000000000000101000000000100
00000000001000000000000000000011000000000000001000000000000000010001000000000
00000001010000000000000100000000010000000000000000000000000101000000110010000
00000000000000000000000000000010000000000000000000000000000000111000000001000
00000000100000000000010011000001100000100100000000000000001000000110100000000
00000000000000000000001000101100000001000000000100000000010000001000010000100
10000000000110000001000000010010001110000001000000000000000000010001000001000
00000000001001000000000110000000010000001000000000000000000000000000100000000
00000000010000000000100000000101100000000000000000000000000010110000000010000
00000000000000000000000001000010000000010000000000000000000001001000010000000
00000000000000000000001100000001100000000000000000000000000000110001100000100
00000001100100000000010000100010010000000000000000000000000000001000000001000
00000000000000000000000010001000001000100000000000000000000100000000100000000
00000000001010000000000000010100000101000100000000000000001000010110010000000
00000000010000000000000000000000000000000000000000000000000000001000000011000
00000000000000000000001101000011100000001000000000000000000000100001000000100
00000000000000000000000010000000010010000000000000000000000001010000100000000
00000000000100000000000000000100000000000000000000000000000000000000010000000
00000000100000000000000000100011000000000000000000000000000000011000000000000
00000000000000000000010100001000101000000000000000000000000000100000100001000
00000000001000000000000000000010000000000000000000000000000000001001000000000
00000000010010000000001011010000010100000000000000000000000000010000110010100
00000000000000000000000000000101000001000000000000000000000000000000000000000
00000000000000000000000000000000100000000000000000000000000000100100000001000
00000000000100000000000100000000000000100000000000000000000001011000000000000
00000000000000000000000000000010000000001000000000000000000000000010000000000
00000000000000000000000000100000000000000000000000000000000000000001110000000
00000000100000000000000010001101011000000000000000000000000000010000000000100
00000000001000000000001001000010000000000000000000000000000000001000000000000
00000000010000000000010100000000100000000000000000000000000000100000100011000
00000000000000000000000000000000000000000000000000000000000000011000000000000
00000000000000000000000000010001000000000000000000000000000000000000010000000
00000000000100000000000000000010000000000000000000000000000000000001000000000
00000000000000000000000010000100010000000000000000000000000000010000100000000
00000000000000000000000000000000100000000000000000000000000001100000000001100
00000000000000000000000100100000000000000000000000000000000000000000000000000
00000000000000000000001001000000000000000000000000000000000000001000010000000
00000000000000000000000000001011001000000000000000000000000000000000000000000
00000000011000000000000000000000000000000000000000000000000000011000100010000
00000000000000000000000000000000000000000000000000000000000000000001000000000
00000000000000000000000010000100100000000000000000000000000000110000000001000
00000000000000000000000000000010010000000000000000000000000000000000000000000
00000000000100000000000100000001000000000000000000000000000000000000110000100
00000000000000000000000000000000000000000000000000000000000000000000000000000
00000000000000000000000000000000000000000000000000000000000000001000000000000
00000000000000000000000000000000000000000000000000000000000000000000000000000
00000000000000000000001001000000000000000000000000000000000000010000000000000
00000000000000000000000000000010100000000000000000000000000000100001000001000
00000000000000000000000010000100000000000000000000000000000000001000100000000
00000000000000000000000000000001000000000000000000000000000000010000010000000
00000000000000000000000100000000010000000000000000000000000000000000000000000
00000000000000000000000000000000000000000000000000000000000000000000000000000
00000000000000000000000000000010000000000000000000000000000000000000000000100
00000000000000000000000000000000000000000000000000000000000000000000100000000
00000000000000000000000000000000000000000000000000000000000000001000000000000
00000000000000000000000000000000100000000000000000000000000000110000000000000
00000000000000000000000000000000000000000000000000000000000000000000000001000
00000000000000000000000000000101000000000000000000000000000000000000010000000
00000000000000000000000010000000000000000000000000000000000000000001000000000
00000000000000000000000100000010000000000000000000000000000000000000000000000
00000000000000000000000000000000000000000000000000000000000000011000100000000
00000000000000000000000000000000000000000000000000000000000000000000000000000
00000000000000000000000000000000000000000000000000000000000000000000000000000
00000000000000000000000000000000000000000000000000000000000000000000000000000
00000000000000000000000000000000000000000000000000000000000000000000000000000
00000000000000000000000000000000000000000000000000000000000000000000000000000
00000000000000000000000000000001100000000000000000000000000000000000000000000
00000000000000000000000000000010000000000000000000000000000000111000010000000
00000000000000000000000000000000000000000000000000000000000000000000100000000
00000000000000000000000000000000000000000000000000000000000000000000000000000
00000000000000000000000000000000000000000000000000000000000000000000000000000
00000000000000000000000000000000000000000000000000000000000000000000000000000
00000000000000000000000000000000000000000000000000000000000000000000000000000
00000000000000000000000000000000000000000000000000000000000000000000000000000
00000000000000000000000000000000000000000000000000000000000000000000000000000
00000000000000000000000000000000000000000000000000000000000000010000000000000
00000000000000000000000000000000000000000000000000000000000000001000000000000
00000000000000000000000000000010000000000000000000000000000000000000000000000
00000000000000000000000000000000000000000000000000000000000000000000100000000
00000000000000000000000000000000000000000000000000000000000000000000000000000
00000000000000000000000000000000000000000000000000000000000000000000000000000
00000000000000000000000000000000000000000000000000000000000000000000000000000
00000000000000000000000000000000000000000000000000000000000000000000000000000
00000000000000000000000000000000000000000000000000000000000000000000000000000
00000000000000000000000000000000000000000000000000000000000000000000000000000
00000000000000000000000000000000000000000000000000000000000000000000000000000
00000000000000000000000000000000000000000000000000000000000000010000000000000
00000000000000000000000000000000000000000000000000000000000000000000000000000
00000000000000000000000000000000000000000000000000000000000000000000000000000
00000000000000000000000000000000000000000000000000000000000000000000000000000
00000000000000000000000000000000000000000000000000000000000000000000000000000
00000000000000000000000000000000000000000000000000000000000000000000000000000
00000000000000000000000000000000000000000000000000000000000000000000000000000
00000000000000000000000000000000000000000000000000000000000000000000000000000
00000000000000000000000000000000000000000000000000000000000000000000000000000
00000000000000000000000000000000000000000000000000000000000000000000000000000
00000000000000000000000000000000000000000000000000000000000000000000000000000
00000000000000000000000000000000000000000000000000000000000000000000000000000
00000000000000000000000000000000000000000000000000000000000000000000000000000
00000000000000000000000000000000000000000000000000000000000000000000000000000
00000000000000000000000000000000000000000000000000000000000000000000000000000
00000000000000000000000000000000000000000000000000000000000000000000000000000
10000000000000000000000000000000000000000000000000000000000000000000000000000
00000000000000000000000000000000000000000000000000000000000000000000000000000
00000000000000000000000000000000000000000000000000000000000000000000000000000
00000000000000000000000000000000000000000000000000000000000000000000000000000
00000000000000000000000000000000000000000000000000000000000000000000000000000
00000000000000000000000000000000000000000000000000000000000000000000000000000
10000000000000000000000000000000000000000000000000000000000000000000000000000
00000000000000000000000000000000000000000000000000000000000000000000000000000
00000000000000000000000000000000000000000000000000000000000000000000000000000
01000000000000000000000000000000000000000000000000000000000000000000000000000
00000000000000000000000000000000000000000000000000000000000000000000000000000
00000000000000000000000000000000000000000000001000000000000000000000000000000
00000000000000000000000000000000000000001000000001000000000000000000000000000
10100000000000000000000000000000000000000000000000000000000000000000000000000
10000000000000000000000000000000000000000000000000000000000000000000000000000
00000000000000000000000000000000000000000000000000000000000000000000000000000
00000000000000000000000000000000000000000000000000000000000000000000000000000
01000000000000000000000000000000000000000000000010000000000000000000000000000
00000000000000000000000000000010000000000000010000000000000000000000000000000
10010000000000000000000010000100000000010000000000000000000000000000000000000
00000000000000000000000001010000000000000000000000100000000000000000000000000
00000000000000000000000000101000000000000100001100000000000000000000000000000
00101000101000000001110000000000000000001000000001000000000000000000000000000
11000000000000000000000000000000000000000000000000000000000000000000000000000
10000000000000000000000000000000000000000000000000000000000000000000000000000
00000000000000000000000000000000000000000000000000000000000000000000000000000
00000000000000000000000000000000000000000000000000000000000000000000000000000
10000000000000000010000000000001100100100000100010000000000000000000000000000
01010100000000000000000100000010010011010000010000000000000000000000000000000
00100001000000000000001010000100001000000000000000000000000000000000000000000
00000010000100010000000001010000000000001010001000000000000000000000000000000
10001000000000001100000000101000000000000100000000100000000000000000000000000
00000000111000000001110000000000000000000000000001000000000000000000000000000
11000000000000000000000000000000000000000000000000000000000000000000000000000
10010000000000000000000000000000000000000000000100000000000000000000000000000
00100000000000000000000000000000000000000000000000000000000000000000000000000
00000000000000000000000000000001100101111000000000000000000000000000000000000
01000000000000000010000010000010000010000001110010000000000000000000000000000
10001100000000000000000101010100010000000000000000000000000000000000000000000
00000001000000000000001000101000001000000000001000000000000000000000000000000
10110010000100110000000000000000000000000000000000000000000000000000000000000
00000000101011001101110000000000000000000110000000000000000000000000000000000
01000000010000000000000000000000000000000000000001100000000000000000000000000
10000000000000000000000000000000000001111000000000000000000000000000000000000
10011000000000000000000000000001100110000000000000000000000000000000000000000
01100000000000000000000011010010000000000000000100000000000000000000000000000
00000100000000000010000000101100000000000000110000000000000000000000000000000
10000001000000000000000100000000010000000001000000000000000000000000000000000
00000000100000000000001000000000001000000000001010000000000000000000000000000
00001010001100010000010000000000000001001000000000000000000000000000000000000
11110000000000101101100000000000000000110000000000000000000000000000000000000
00000000010011000000000000000000000110000100000000000000000000000000000000000
10000000000000000000000011010001100000000010000000000000000000000000000000000
11010000000000000000000000101110000000000000000001000000000000000000000000000
00101100000000000010000000000000000001000000000000000000000000000000000000000
00000001100000000000000100000000000000000000110100000000000000000000000000000
10000000001000000000001000000000011010101000000000000000000000000000000000000
01000000000000000000010000000000000000010001001000000000000000000000000000000
00100010000100010001100000000000000100000000000010000000000000000000000000000
10011000010000001100000011010000100001000000000000000000000000000000000000000
10000000000011100000000000101111000000000000000000000000000000000000000000000
01000100100000000000000000000000000000000100000000000000000000000000000000000
00010001000000000010000100000000000010101000000000000000000000000000000000000
10101000001000000000001000000000000001000000000000000000000000000000000000000
01000000000000000000010000000000011000000010110001000000000000000000000000000
10000000000000000000000011010000000100010000000100000000000000000000000000000
00100010010100000001100000101000100010000000001000000000000000000000000000000
10010000100000011100000000000100000000000000000000000000000000000000000000000
01001100000000000000000000000011000001100001000010000000000000000000000000000
10000001001011100000000100000000000000001000000000000000000000000000000000000
00000000000000000010001000000000000000000000000000000000000000000000000000000
01110000000000000000010001010000001100000000000000000000000000000000000000000
10001000000000000000000010001000010011000100000000000000000000000000000000000
10000010110000000000000000100000100000010000110000000000000000000000000000000
00100100000100000001100000000100000000100000000100000000000000000000000000000
11010000001000001100000000000011000000000000001001000000000000000000000000000
00000001000000010000000100000000000010001000000000000000000000000000000000000
00001000000001000000001001010000000101000000000000000000000000000000000000000
11000000000010100010010010001000001000000000000010000000000000000000000000000
00110000110000000000000000100000000000000001000000000000000000000000000000000
10000010000000000000000000000100110000100000000000000000000000000000000000000
10001100001000000000000000000000000011010000000000000000000000000000000000000
01100000000100000001100100000011000000000000100000000000000000000000000000000
10010001000000001100000001010000000100000100010100000000000000000000000000000
01000000000000000000001010001000000000001000001000000000000000000000000000000
00000000110001010000010000100000001010000000000000000000000000000000000000000
10001000000010000010000000000100000001100000000000000000000000000000000000000
10100110001000100000000000000000100000000000000000000000000000000000000000000
01010000000000000000000000000010010100000000000011000000000000000000000000000
10000000000100000000000101010001000000000001000000000000000000000000000000000
00100001010000000001101010001000000011010000000000000000000000000000000000000
11011000100000000000000000100000000000000000100000000000000000000000000000000
00000000000000001100010000000100001000101000010000000000000000000000000000000
10000000001001000000000000000000100000000000000100000000000000000000000000000
01000110000010010000000000000010000110000000001000000000000000000000000000000
10100000000000000010000101010001010001000100000000000000000000000000000000000
10011000010100100000000010001000000000000000000000000000000000000000000000000
00000001100000000000001000100000000000000000000000000000000000000000000000000
01100000000000000001100000000100000000100010000000000000000000000000000000000
10000000001000000000010000000000001111010001000010000000000000000000000000000
11010100000000001000000001000010100000001000100000100000000000000000000000000
00001010010011000100000100010000000000000000010000000000000000000000000000000
10000000100100000000000010001001010000000000000000000000000000000000000000000
00100000000000010000001000100000000010000000000100000000000000000000000000000
11010001000000000010000000000100000100000000001000000000000000000000000000000
10000000001000100000000000000000001001100000000000000000000000000000000000000
00101000000000000001110001010010100000000100000000000000000000000000000000000
01000100010000000000000110001000000010000000000000000000000000000000000000000
10000010100110001000000000100001000000000001100000000000000000000000000000000
10010000000001000100000000000000010101011000000000000000000000000000000000000
01100001000000000000001000000100000000000010010000000000000000000000000000000
10001000001000010000000001000000000000100000000000000000000000000000000000000
00000000010000000010000000010010001010000000000000000000000000000000000000000
10010100100000100000010110001000100000000000000100000000000000000000000000000
11100000000100000000100000100000000100000000001000000000000000000000000000000
10000010000010000001000000000001000011000000000000000000000000000000000000000
01001000001001001000001000000100010000000100100000000000000000000000000000000
00000001010000000100000001010000000000001001000000000000000000000000000000000
10110000000000000000000110001010001000100000000000000000000000000000000000000
10000000100000010000000000100000100101010000010000000000000000000000000000000
01000100000100000010010000000000000010000000000000000000000000000000000000000
10001000000010100000000000000100000000000010000000000000000000000000000000000
10110010011000000000100001000001000000000000000000000000000000000000000000000
01000001000001000001001000010000010010000000000000000000000000000000000000000
10000000100000001000000110001010001100000000101100000000000000000000000000000
10000000000000000100000000100000000001101000000000000000000000000000000000000
01101100010100000000000000000000100000000101000000000000000000000000000000000
10010000001000010000010000000100000000000000000000000000000000000000000000000
00000000000010000000000001010000000110010000010000000000000000000000000000000
11000011100000100010001110001011000001000000000000000000000000000000000000000
10100000000001000000100000100000011000000000000000000000000000000000000000000
10011000010000000001000000000100000010000010000000000000000000000000000000000
00000000001100001000000000000000100000101000100000000000000000000000000000000
11100100000000000100010001010000000100000000000000000000000000000000000000000
11000000100010010000000000001000000000000001001000000000000000000000000000000
00000001010000000000001110000011000001000100000100000000000000000000000000000
10010010000000100000000000100000011010000000000000000000000000000000000000000
10001000001001000000000000000100000100010000010000000000000000000000000000000
00100000000100000010100000010000100000000000000000000000000000000000000000000
11000000100000001001000001001000000011001000100000000000000000000000000000000
10110100010000000000010110000010000000100000000000000000000000000000000000000
01000001000010010100001000100100001000000010000000000000000000000000000000000
10001000001000000000000000000001010100000001000000000000000000000000000000000
10000010000000100000000000010000000000000000000000000000000000000000000000000
11000000110101000000000000001000100010000100001000000000000000000000000000000
00110000000000000000000001000000000101010000000100000000000000000000000000000
10000000000000001010110110000010000000001000010000000000000000000000000000000
01000101001010000001000000100100001010000000100010000000000000000000000000000
10101000010000010100001000000001010000100000000000000000000000000000000000000
10010000100000000000000000011000100000000000000000000000000000000000000000000
11000010000100100000000000000000000101000011000000000000000000000000000000000
00000000000001000000000111000110000000000000000000000000000000000000000000000
10100000011000001000000000100000001010001100000000000000000000000000000000000
11000001000000000000110000000000000000010000000000000000000000000000000000000
10011100100010000010001000010001010100000000101100000000000000000000000000000
00000000000000010101000000001000100010000000010000000000000000000000000000000
11100000011100000000000000000000000001100000000000000000000000000000000000000
10000010000000100000000111000110001000000001000010000000000000000000000000000
00000000000001000000000000100000000100000000000000000000000000000000000000000
11011001100000001000010000010000000000001010000000000000000000000000000000000
10100000010000000000101000001001110010000100000000000000000000000000000000000
10000100001010000100000000000100000001010000100000000000000000000000000000000
01000000000100010010000110000010001100000000000001000000000000000000000000000
10110000000000000001000001100000000010000000010100000000000000000000000000000
10000010110000100000000000010000000000100001001000000000000000000000000000000
11001001001001001000010000001001110000001000000000000000000000000000000000000
00000000000000000000001000000000000100000000000010000000000000000000000000000
10000100000000000000100010000110001001000000100000010000000000000000000000000
11110000010110000100000100100000000010000110000000001000000000000000000000000
00000000100000010000000001010000100000010000000000100000000000000000000000000
10001000001000000010000000000000000100000001000000000000000000000000000000000
11100011000000100001010000001101010010000000010000000000000000000000000000000
10010000010000001000001010000000001000101000000101000000000000000000000000000
00000000000001000000000100100010000001000000101000000000000000000000000000000
11000100101100000100100000010000100100000000000010000000000000000000000000000
10000000000010000000000001001001010000000000000000000000000000000000000000000
00101000010000010000000000000000000010000110000000000000000000000000000000000
11010001000000000000010010000100001000010001000000011100000000000000000000000
10000010000000101011001100000010100100000000000000000000000000000000000000000
10100000101000000000000000110000000011001000110000000000000000000000000000000
01000100010100000000100000000000000000100000000000100000000000000000000000000
10011000000001000100000001001001010000000000000100000000000000000000000000000
10000000000010000000000010000100001100000000001011000000000000000000000000000
01000001000000010000011100000010100010000001000000000000000000000000000000000
00100000101000000000000000110000000000000110000000000000000000000000000000000
10000010010000001011000000000001010001000000100000001000000000000000000000000
10010000000100100000100000001000100100011000000000010000000000000000000000000
11101100000000000100000001000100001010000000010000000100000000000000000000000
10000000000000000000010110000000000000000000000000000000000000000000000000000
01000001111011000000001000010010000000100000000000000000000000000000000000000
10000000000000010000000000100000010110000001000110100000000000000000000000000
00010000000000000001000000001001100001000000101001000000000000000000000000000
10100010000100001010100000000000001000000110000000001000000000000000000000000
01001000000000000000000110000100000000001000000000000000000000000000000000000
10000100111000100100011001010010000100000000000000010000000000000000000000000
10000001000000000000000000000001110010010000010000000000000000000000000000000
01110000000000000000000000100000000000000000000000000100000000000000000000000
10000000000011000000100000001000001001100001000000000000000000000000000000000
10000000010000010001010100000100000110000000100010000000000000000000000000000
00001000101100001010001010010000110000000000000100001000000000000000000000000
11000010000000000100000000000010000000000110001001100000000000000000000000000
00110001000000000000000001000001000000001000000000000000000000000000000000000
10000100000000100000000000101000001110000000000000010000000000000000000000000
01000000010000000000100100000000000001000000010000000000000000000000000000000
10000000101000000001011000000100110000010001100000000100000000000000000000000
00000000000111000000000010010010000000100000000000000000000000000000000000000
10101000000000011010000000000001000110000000000010001000000000000000000000000
11010000000000000100000000000000001000000000000000000000000000000000000000000
00000011010000000000000101101000100000000110000100000000000000000000000000000
10000000101000000000111000000100010001001000000001000000000000000000000000000
00000100000000100000000000010000000110000000001000110000000000000000000000000
11100000000000000001000010000010000000000001100000000000000000000000000000000
00000000000100000000000000000001001000000000010000001100000000000000000000000
00011000010010000000000100001000100000110000000000000000000000000000000000000
10000001000001011110111000000100010010000000000000000000000000000000000000000
11000000101000000000000001100000000101000000000010000000000000000000000000000
00000000000000000000000000010010000000000110000000000000000000000000000000000
10100010000000000001000000000001100000001000000000000000000000000000000000000
00000000010000000000000110000000001000000000100100010000000000000000000000000
11010100000100100000011000001100010110000001000001001000000000000000000000000
00000000101000000000100000000000000000000000000000100100000000000000000000000
00001001000000000100000000100010000001100000010000000000000000000000000000000
10000000000010001010000000010000100010000000001000000000000000000000000000000
00100000000001010000000101000001001000010010000000000000000000000000000000000
11000000010000000001011010001100010100000100000010000000000000000000000000000
00000000000000000000100000000000000000001000000000001000000000000000000000000
10010000001000000000000000000010000000000001100000010000000000000000000000000
00000010100100000000000000000001100000000000000000000000000000000000000000000
00000000000000100000000100110000000111000000000000000100000000000000000000000
11000001010000000100011000000100011000000000000000000000000000000000000000000
00101100000000000011000000001000000000100010000001100000000000000000000000000
10000000000010001000100011000010000010000000000000000000000000000000000000000
00000000001000000000000000000000100000000100010000001000000000000000000000000
00000000100001010000000000000001000100010000000000000000000000000000000000000
11010000000000000000011100000100001001001001100010000000000000000000000000000
00000000000100000000000000110000010000000000000000010000000000000000000000000
00000000010000000000100000001010000000000000000000000000000000000000000000000
10100001000000000101000000000001100110000010000000000100000000000000000000000
00000000000000000000000010000000000000000000000000000000000000000000000000000
10000000001000100010011101000100000000100000000000001000000000000000000000000
01000000100000000000000000000000011010000100000000000000000000000000000000000
00000000000000000000000000000010000001000000000000000000000000000000000000000
00000000010010001000100000011000100100000001100000100000000000000000000000000
10010000000000000000000000100001000000001000000000000000000000000000000000000
00001000000100000001000000000000000000010010000000010000000000000000000000000
00100000000000010000011000000100001000000000000000000000000000000000000000000
11000001000000000100000110000000010010000000000010000000000000000000000000000
00000000001000000000000000000010000100000000000000001100000000000000000000000
00000000100000000000100001000001100001000100000000000000000000000000000000000
10000000000000000010000000011000000000000000000000000000000000000000000000000
00000000010000000000011000000000000010000001100000000000000000000000000000000
00000000000000000001000000100100001000000010000000000000000000000000000000000
00000000000000000000000100000010010100101000000000000000000000000000000000000
11000000000000000000000000000000000000000000000000010000000000000000000000000
00010000000100000000000000000001100000000000000000000000000000000000000000000
00100000001000000000100010000000000000000000000000001000000000000000000000000
00000000000000000100010000001000000011000100000000000000000000000000000000000
10000001100000000000001000010100001100000000000000000000000000000000000000000
00000000010000000000000001000010010000000011000000000000000000000000000000000
00000000000000000001000100000000000000000000100000000000000000000000000000000
10000000000000000000000000100001100000000000000000000000000000000000000000000
01000000000000000000000000000000000010000000000000000000000000000000000000000
00000000000000000000110000000000000000000000000000000000000000000000000000000
00000000000000000000001000000000001100001000000000010000000000000000000000000
00000000000000000000000000001100000000000000000000001000000000000000000000000
00000000001000000000000010000010010001000100000000000000000000000000000000000
10000000000000000000000000010000000000000011000000000000000000000000000000000
00000000000000000000000100000001100010000000000000000000000000000000000000000
00000000010000000001000000000000000100000000100000000000000000000000000000000
10000000000000000000010000000000000000000000000000000000000000000000000000000
01000000000000000000101000000000001000000000000000000000000000000000000000000
00000000000000000000000000000000000000000000000000000000000000000000000000000
00000000000000000000000000001110000000000000000000000000000000000000000000000
00000000000000000000000000100000010010000000000000000000000000000000000000000
00000000000000000000000000000001000000000010000000011000000000000000000000000
10000000000000000000000000010000100101000101000000000000000000000000000000000
00000000000000000000000100000000000000000000000000000000000000000000000000000
00000000000000000000010000000000001000000000000000000000000000000000000000000
00000000000000000001001000000000000000000000000000000000000000000000000000000
00000000000000000000100000000000000000000000100000000000000000000000000000000
11000000000000000000000000000110000010000000000000000000000000000000000000000
00000000000000000000000000001000000100000000000000000000000000000000000000000
00000000000000000000000000000001010000000000000000000000000000000000000000000
00000000000000000000000000000000000000000010000000000000000000000000000000000
00000000000000000000000000000000100000000000000000000000000000000000000000000
00000000000000000000010000000000001000000001000000000000000000000000000000000
10000000000000000000000100010000000000000000000000000000000000000000000000000
00000000000000000000001000000000000010000000000000000000000000000000000000000
00000000000000000000000000000010000100000000000000000000000000000000000000000
00000000000000000000100000000100000000000000000000000000000000000000000000000
00000000000000000000000000000000000000000000000000000000000000000000000000000
00000000000000000000000000000001000000000000000000000000000000000000000000000
00000000000000000000000000001000010000000000000000000000000000000000000000000
10000000000000000000000000000000000000000000000000000000000000000000000000000
00000000000000000000000000000000101000000010000000000000000000000000000000000
00000000000000000000010000000000000010000000000000000000000000000000000000000
00000000000000000000000000000000000100000000000000000000000000000000000000000
00000000000000000000000000000010000000000000000000000000000000000000000000000
00000000000000000000001000000000000000000000000000000000000000000000000000000
00000000000000000000000000000000000000000000000000000000000000000000000000000
10000000000000000000000000000000000000000000000000000000000000000000000000000
00000000000000000000000000000000000000000000000000000000000000000000000000000
00000000000000000000000000000000000000000000000000000000000000000000000000000
00000000000000000000000000000001000000000000000000000000000000000000000000000
00000000000000000000000000000000000010000000000000000000000000000000000000000
00000000000000000000000000000000000100000000000000000000000000000000000000000
00000000000000000000000000000000000000000000000000000000000000000000000000000
00000000000000000000000000000000000000000000000000000000000000000000000000000
10000000000000000000000000000000000000000000000000000000000000000000000000000
00000000000000000000000000000000000000000000000000000000000000000000000000000
00000000000000000000000000000000000000000000000000000000000000000000000000000
00000000000000000000000000000000000000000000000000000000000000000000000000000
00000000000000000000000000000000000000000000000000000000000000000000000000000
00000000000000000000000000000000000000000000000000000000000000000000000000000
00000000000000000000000000000000000000000000000000000000000000000000000000000
00000000000000000000000000000000000010000000000000000000000000000000000000000
10000000000000000000000000000000000100000000000000000000000000000000000000000
00000000000000000000000000000000000000000000000000000000000000000000000000000
00000000000000000000000000000000000000000000000000000000000000000000000000000
00000000000000000000000000000000000000000000000000000000000000000000000000000
00000000000000000000000000000000000000000000000000000000000000000000000000000