00000000000000000000000000000000000000000000000000000000000000000000000000000
00000000000000000000000000000000000000000000000000000000000000000000000000000
00000000000000000000000000000000000000000000000000000000000000000000000000000
00000000000000000000000000000000000000000000000000000000000000000000000000000
00000000000000000000000000000000000000000000000000000000000000000000000000000
00000000000000000000000000000000000000000000000000000000000000000000000000000
00000000000000000000000000000000000000000000000000000000000000000000000000000
00000000000000000000000000000000000000000000000000000000000000000000000000000
00000000000000000000000000000000000000000000000000000000000000000000000000000
00000000000000000000000000000000000000000000000000000000000000000000000000000
00000000000000000000000000000000000000000000000000000000000000000000000000000
00000000000000000000000000000000000000000000000000000000000000000000000000000
00000000000000000000000000000000000000000000000000000000000000000000000000000
00000000000000000000000000000000000000000000000000000000000000000000000000000
00000000000000000000000000000000000000000000000000000000000000000000000000000
00000000000000000000000000000000000000000000000000000000000000000000000000000
00000000000000000000000000000000000000000000000000000000000000000000000000000
00000000000000000000000000000000000000000000000000000000000000000000000000000
00000000000000000000000000000000000000000000000000000000000000000000000000000
00000000000000000000000000000000000000000000000000000000000000000000000000000
10000000000000000000000000000000000000000000000000000000000000000000000000000
00000000000000000000000000000000000000000000000000000000000000000000000000000
00000000000000000000000000000000000000000000000000000000000000000000000000000
00000000000000000000000000000000000000000000000000000000000000000000000000000
00000000000000000000000000000000000000000000000000000000000000000000000000000
00000000000000000000000000000000000000000000000000000000000000000000000000000
00000000000000000000000000000000000000000000000000000000000000000000000000000
00000000000000000000000000000000000000000000000000000000000000000000000000000
00000000000000000000000000000000000000000000000000000000000000000000000000000
01000000000000000100000000000000000000000000000000000000000000000000000000000
10000000000000000000000000000000000000000000000000000000000000000000000000000
00100000000000000000000000000000000000000000000000000000000000000000000000000
00000000000000000000000000000000000000000000000000000000000000000000000000000
00000000000000000000000000000000000000000000000000000000000000000000000000000
00000000000000000000000000000000000000000000000000000000000000000000000000000
00000000000000000000000000000000000000000000000000000000000000000000000000000
00000000100000000000000110000000000000000000000000000000000000000000000000000
10000000000000000000000000000000000000000000000000000000000000000000000000000
00000001000000000000000000000000000000000000000000000000000000000000000000000
01010000011000101101000000000000000000000000000000000000000000000000000000000
00000000000000000000001000000000000000000000000000000000000000000000000000000
00100000000000000000000000000000000000000000000000000000000000000000000000000
00000000000000000000000000000000000000000000000000000000000000000000000000000
10000000000000000000000000000000000000000000000000000000000000000000000000000
00000000000000000000000000000000000000000000000000000000000000000000000000000
00000000100000000000000010000000000000000000000000000000000000000000000000000
01000010000001000000000101000000000000000000000000000000000000000000000000000
10000000000000010010010000000000000000000000000000000000000000000000000000000
00100001000100000100100000011001000000000000000000000000000000000000000000000
00010000011000101001000000000000000000000100000000000000000000000000000000000
00001000000000000000001000100110000000000000000000000000000000000000000000000
00000000000010000000000000000000100000000000000000000000000000000000000000000
11000000000000000000000000000000000000000000000000000000000000000000000000000
00100000100000000000000010000000000000000000000000000000000000000000000000000
10000000000000000000000100000000000000000000000000000000000000000000000000000
00010000000000000000000001000000000000000000000000000000000000000000000000000
01000110000001000000010000000000010000100000000000000000000000000000000000000
00000001010000010110000000000000000000000010000000000000000000000000000000000
00000000001100100001101000011001000000000000000000000000000000000000000000000
00101000000000001000000000000000001000000100000000000000000000000000000000000
10000000100000000000000000100110000000000000000000000000000000000000000000000
10000000000010000000000010000000100001000000000000000000000000000000000000000
01010000000000000000000100000000000000000000000000000000000000000000000000000
00100000000000000000000000000000000000000000000000000000000000000000000000000
00000000010001000000010001000000000000000000000000000000000000000000000000000
01000111001000000100001000000000000000000000000000000000000000000000000000000
10010000100000110010000000011000010000100000000000000000000000000000000000000
00001000000100000001100000000001000000011010000000000000000000000000000000000
00100000000000001000000000000000000000000100000010000000000000000000000000000
10000000000000000000000110100110001000000000000000000000000000000000000000000
00000000000010000000000000000000100000000000000000000000000000000000000000000
01000000010001000000011000000000000001000000000000000000000000000000000000000
10110101101000000000000001000000000000000000000000000000000000000000000000000
00001010000000100100000000011000000000000000000000000000000000000000000000000
11000000000000010000000000000000000000000000000000000000000000000000000000000
00000000000100000011100000000001010000100010000000000000000000000000000000000
00010000010000000000000110000000000000000100000100000000000000000000000000000
00100000000011001000001000100110000010011000000000000000000000000000000000000
10000000100000000000010000000000000000000000000010000000000000000000000000000
01001101001000100000000000000000101000000001000000000000000000000000000000000
00000010000000000000000001011000000101000000000000000000000000000000000000000
10110000000000000100000000000000000000000000000000000000000000000000000000000
11000000010100010000000000000001000000000000000000000000000000000000000000000
00000000100001000011101110000000000000100010000000000000000000000000000000000
00001101000010000000010000000100010000000100000000000000000000000000000000000
10110000001000101000000000101010000000011000000000000000000000000000000000000
00000010000000000000000000010000000000000000000101000000000000000000000000000
01000000010000000000000000000000100010000000001010000000000000000000000000000
10000000100000000000001001000000001001000000000000000000000000000000000000000
00100000000101000100000100000001000000000001000000000000000000000000000000000
01011101000010010000110010000000000000100010000000000000000000000000000000000
10000000000000100011000000001100000100000100000000000000000000000000000000000
10000010011000000000000000110010010000010000000000000000000000000000000000000
00110000100000001000000000000000000000001000000000000000000000000000000000000
01001000000001000000001000000000100000000000000000000000000000000000000000000
10000101000100000000000101000000000001000000000010000000000000000000000000000
00000000000010000100010000001001000010100000000101000000000000000000000000000
01100000110000110000100010000100001000000010001000000000000000000000000000000
10010010001000000011000000110010000000010100000000000000000000000000000000000
00000000000000000000001000000000000000000001010000001100000000000000000000000
10001000000001001000000000000000010000001000100000000000000000000000000000000
01110101000100000000000100001000100100000000000000000000000000000000000000000
10000000110010100000010001000101000001100000000000000000000000000000000000000
10000010000000010100000000010000000000000000000010000000000000000000000000000
01101000001000000010101010100010000010010010000000000000000000000000000000000
00000101000001000001000000000000001000000100000100000000000000000000000000000
10010000110000001000000000001000000000001000001001000000000000000000000000000
00000000000110000000010100000100010000000000000000000000000000000000000000000
01000000000000100000000000000000100000100001000000000000000000000000000000000
10111010001000000100001001010001000001010000010000111000000000000000000000000
10000000000001010010100000100010000100000010100000000100000000000000000000000
01000101110000000001000010001000000000000000000010000000000000000000000000000
10100000000010001000000000000100001010001100000000000000000000000000000000000
10000000000100100000010100010000010000100000000100000000000000000000000000000
01011011100000000000001000000011100000000000001000000000000000000000000000000
00000000011001010100000001101000000001010000000001000000000000000000000000000
00100100000000000010100000000100000000000001000000000000000000000000000000000
10010000000010000001000010000000000000001010000000000000000000000000000000000
11001000000000101000010000000000000100000100110010001000000000000000000000000
10000010100100000000001100010000011010100000000000110000000000000000000000000
01100001011001000000000000001011100000010000000100000100000000000000000000000
00000100000000010110000001100100000001000000000000000000000000000000000000000
10010000100010000000100000000000000000000000001000000000000000000000000000000
10101001000000101001011010010000000000001011000001000000000000000000000000000
01000010010000000000000100001010010000100100110010000000000000000000000000000
00010000000101000000000000100101101100010000000000000000000000000000000000000
10000100001000010100000001000000000010000000000000001000000000000000000000000
11000000100010000010100000000000000001001000000100010010000000000000000000000
00101001000000100000011000011000000000000000000000100000000000000000000000000
10000010010000001001000110000000000000100010001000000101000000000000000000000
01110000100001000000000000000110010000010101000010000000000000000000000000000
10000100001100000010000000100001101000000000110001000000000000000000000000000
00000001000010010100001001010000000100000000000000000000000000000000000000000
11011000010000100000110000001100000011001000000100000000000000000000000000000
10000010100000001001000100100010010000110000000000011000000000000000000000000
00100000000001000000000010000000100000000010000010000000000000000000000000000
10000001000100000000001001001001000000001101111000100010001000000000000000000
01000100011010010110110000010000001000000000000001000000000101000000000000000
10111000100000100000000000000100000100000000000000000100000000000000000000000
01000010000000001001000100000010000011110000000000000001000010000000000000000
10000000000001000000001000100000010000000000000100000000000000000000000000000
00000001000000000010000010011000100000000010000010011000000000101000000000000
10010100111110010100010001000101001000011101111000000000000000000000000000000
11101000000000100000100100100000000000000000000001000000000000000000000000000
00000000000000000001001000000010010100100000000000100010000000000000000000000
10000011000001001000000000001000100011001000000110000000000000000000000000000
01100000110000000000110000010101000000000000000000000100001000000000000000000
10010000000110000110000011000000001000010010110000000001000101000000000000000
00000100001000010000001100000010000000000101000001011000010000000000000000000
11001000000000100001000000100000010100100000001000000000000010010000000000000
10000011100001001000000000011000000000000000000000000000100000000000000000000
00110000010000000010011000000100100011011000000010100000000000101000000000000
00000000000010000100100101100001001000000000110100000010000000000000000000000
11000000000100010000000010000010010000000010000000000000000000000000000000000
00000101101000100001010000001000000000101101001001000100000000000000000000000
10101000010000000000101000010100100100010000000010011001000000000000000000000
11000010000001001000000000000001001000000000000000000000001001000100000000000
00010000000010000110000100000000000011000000110100000000000100000000000000000
10000000100000000001000001100010010000000000000000100000000010000000000000000
00000001000100010000011010011000000000100011000001000010010000010000000000000
01100100011000100000000000000100100100011100001010000000000000101000000000000
10011000000001000010100100100000001000000000100000000000100000000000000000000
00000010100000001000011000000001010000000000010000011101000000000000000000000
10000000000010000101000001001010000011011000000000000000000000000000000000000
01000001010000000000100010010100001000100000000101000000000001000000000000000
10100000000100010000000100000000100100000011000010100000001000000100000000000
00000000101000100000001000000000010000000100111000000010000110000000010000000
10010100000001000010010000100001000000000000000000000000000000011000100000000
01001010000010001101000001011010000000010000000000000000000000100001000000000
10000001010000000000001110000100001011101000000001011001010000000000001000000
00100000100000000000110000000000100100000001100110000100000000000010000011000
00000000000100010000000000100000010000000010010000000000100001000000000000000
10000000001000000010000000001001001000011100001000100000000000000000000000000
01010000000001100001001101010010000000000000000000000010000000010100000000000
00000111010010000100100010000100010111100000000000000000001110101000000000000
10001000100000001000010000000000100000000000100011000000000000000000110000000
10100000000000000000001000100000001000000001010000011001000000000000000000000
01000000000100000000000100010000000000010010000100000000000001000001000100100
00000000111000010011010001001011000000001100001000000100010000000000000000000
10010001000000000000100010000100010101100000000000000000000000000000001011000
00000000000011100100001000000000101010000000110001100000000000011110000000000
00000010000000000000000100100000000000010001000010000010100010100000000000000
00100100000000001000000000011000010000001000000000000000001100000000100000000
11001000000000000000011011000001001100000010000100001000000001000000010000000
00000000111100000011100100000010000011100100001000010001000000010001000000000
10000001000000010000000000000100100000000000100000000000000000100000000001100
00010000000000000000000000100000000000010000010011000100000000001000000010000
00000000100011100100011000010000011000001001000000000000010000000100100100000
11000010010000000000000111001000000101000000000000100000000011000000000000000
00100000000000001001100000000011000000100000000000000010000000010010001000000
00000101000100000000001000000100111010010110111100000000101100000000010000000
00000000001000000010010110100000000100001000000000001000000000100001000001000
10001000000000000000000000010000000000000001000011010001000000011000100010100
00000000100000010000000001001000001001000000000000000000000000000000000000000
00010000010010000100101100000000000010100000000000000100010001100100000000000
11000000000001100001000000000011010000010000100000000000000010000000000001000
00100011000000000000010010100100100101001010011000100000001000010001110100000
00000000101100001000001000000000001000000100000100000010000100001000000000000
00000000000000000010000101010000010000100001000011000000000000000010000010100
10000100010000000000000010001000001110010000000000001000100001100000001000000
00000000000000000000110100000000000000001000100000010001000000010000000001000
00000000000010000001001000100011100001000000010000000000010000000000100000000
01001001000000010100000000000100000000000000001000000000001010110101010000000
10010000100001000000000011010000011111100110000000000100000100001000000011100
00000010001100100000001100000000000000000001000100100000000000000000100000000
00100000010000000000110000001000001000011000000011000000000001000000000100000
00000000000000001010000000000000010000000000100000000010001000010000000000000
00000000000000000000000110100001100100100000010000000000110000101011000000000
10000000100000000001001001000010000011000000000000001001000000000000110001000
00000001000010000000010000010100001000011000001000010000000100010000000010100
01000000000000000000000110000000000100000111000000000000000011100100000000000
00000100011000000100101000000000011001000000100000000000000000000000000001000
00000000000101010000000000101000000010100000000111100100011000010001100000000
10000010000000000000000101000000100000000000010000000000001100001000001000100
00010000100000000010000010000001011101001000000000000000100000110000110110000
00100000000000100001011000010010000000110000001000000010000000000000000001000
00000001000000001000000100000100000000000101000000000001000001001010000000000
00000000010010000000100010000000000110000010100000001000010000000001000000000
10000000001000000000000001100000001001000000000000000000000110110000000000100
00000000000100000000011100001000110000011000010001010000001000000100100011000
01000000100000000000000000000000001000100000000110100000000000010000010000000
00000000000000000100000010000001000111000000000000000100101000100000100000000
00000000000001000000001100010010000000000001001000000000010101001001000001100
00000010000000000011000001100100011000101100100000000000000000010000000100000
00000001010000000000100010000000000101000010000000000011001100000000000010000
10000000001010000000010100000000000000010000000000000000000000001010110000000
00000000100000000000000000001000101010000000010001000000010010110001000001000
00000000000100000000001010000000010100000000000000001000000000000000000000100
00000000000000000000000101000001000001101001000110100000101001100000100000000
00000000000000000000000000110000001000000100101000010000000100010100000011000
00000000010000000000011000000010000011010000000000000100000000000000000000000
00000000000000000001100110000100000100100010000000000000011100011001110000100
10000000000000000000000000000000111000000000000000000001001000000000000100000
00000001101000000010000001000000000100001000010000000010000100100000000001000
00000000000011000000000010001000000011000001000001000000010010011010100010000
00000000000100000100001100100000001000100100000000000000100001000001000001100
00000000000000000000010000010001010000010000101100100000001000100000010000000
00000000010000000000000100000000000101001000000010000000000100010000100000000
00000000000000000000101011000010001000000010000000000000000000000000000000000
00000000000000000000000000000100100010100000000000010100011000011000000010000
00000000100000000001000000000000000101000001010000000001000100000001100001100
10000000001000000000000110100000011000010100000001000010001000100000000000000
00000001000000000000010000001000000000101000000000000000110111010000010101000
00000000000110000000001001000000000111000000101000100000001100001110100000100
00000000000000000000000000010001001000000000000100000000000000100001000010000
00000000010000000000000110000000000000000000000000000000000000010000000000000
00000000000000000000100000100010110000101011000010000000000000000000100001000
00000000000000000000001100000100001111010100000000000000011100011000010000000
00000000100000000000010011000000000000000000010000000101001000000000000000100
00000000001000000000000000000000000101000000000001010010100111100001100011000
00000000000000000000000000000000001000100000101000100000010000010000000000000
00000000000000000001000000011000010000001000000100000000001100001000000000000
00000000000110000000001110100001000010010001000000000000000000100000110001100
00000001010000000000000001000000100001100110000000000000001100010011000100000
00000000000000000000000000000010001100000000000000000000000000000000000010000
00000000000000000000110100000000000000001000000000000000010110011000100000000
00000000100000000000000010000100010111100000010010000000101000000000000001100
00000000001000000000001001100000001000000000101001100011000001100100010000000
00000000000000000000000000010000000000010101000100010100011100010001100001000
00000000000000000000000110000000000001000000000000000000000000001000000010000
00000000000000000000000000001000000100101010000000000000001100000000000000100
00000000000100000000000000000001101010000000000000000000000010110000100000000
00000000010010000000011000000010010000010000000000000000000100001000010000000
00000000000000000000000001100000000001100000000000000000111100000011000001000
00000000000000000000000110000000000100001100111000100000000000010000100000100
00000000100000000000100000010100001010000001000011000010000011000000000011000
00000000001000000000000000000000000001000000000100000001001000111000000000000
00000000000000000000000111000000000100100010000000010000011100000100110000000
00000000000000000000001000100000011000010000000000000000000100000001000000100
00000000000000000000000000001000100001001100000000000000000000000000000001000
00000000000000000000010000000001000010100000000000000000000100111000100010000
00000000000100000000000000000010000000000001100000000000101010000000000000000
00000000010010000000000010010000000100010000011000100000010000010000010000000
00000000000000000000000101000000000000001000000000000100001101001011000001100
00000000000000000000001000100100001001100010000101000010000010000000100000000
00000000001000000000000000000000010010000100000010000001000100000100000000000
00000000000000000000000010000000000101000000000000010000001000110000110011100
00000000000000000000000100000000001000100001000000000000010100001000000000000
00000000000000000000000001001000100000011000100000000000000000010000000000000
00000000000000000000010000110000000000000000000000000000101100000001000000000
00000000000000000000000000000000000000000100001000100000000010001000100001000
00000000000000000000001010000010000111100010010000000000000001100000010000100
00000000000000000000000000000001010000011000000100000000011100010100000010000
00000000000100000000000000000000001000000000000001000000000010000010000000000
00000000000010000000000101000100000000000001000000000010000000001000100001000
00000000001000000000000000000000000001100000000000000001001100000001010000100
00000000000000000000000000100000000100000100100010000000000100010000100000000
00000000000000000000000010010000000010001000000000010000000000100000000001000
00000000000000000000000000001000001000010010000000000000111000011100000000000
00000000000000000000001000000000000001100000001000100000000111000000000010000
00000000000000000000000101000000010000000001010000000000000000000000011000100
00000000000000000000000000000000000000000100000100000000000000001001100000000
00000000000000000000000000100000000100001000000000000000001000000000000001000
00000000000000000000000010000000000000010000000000000000000110000000000000000
00000000000000000000000000000000000010100000100001000000010000110110110000100
00000000000000000000000000010000001001000010000000000000001100000000000001000
00000000000000000000000000000000000000000000000000000000000000011000000010000
00000000000000000000000101000000000000001101000000000000000101000000000000000
00000000000000000000001000000000000100100000001000000000100000000001100000000
00000000000000000000000000100000000001010000000000000000001010001000010000100
00000000000000000000000010000000000000000000000000000000000000000100000001000
00000000000000000000000000000000010000000000010000100000010000100000000000000
00000000000000000000000000000000001010001000100100000000000100010000001000000
00000000000000000000000000010000000000000110000000000000000000000000100000000
00000000000000000000000000000000000000100001000000000000001110001000010011100
00000000000000000000000101000000000100010000000000000000000000000000000000000
00000000000000000000000000100000000001000000000000000000000001010101000000000
00000000000000000000000010000000000000000000000000000000000000000000100000000
00000000000000000000000000000000000000001000000000000000001100001000000000100
00000000000000000000000000000000000000100100001000000000010000000000010001000
00000000000000000000000000000000001000000000000000000000000010100000000000000
00000000000000000000000000000000000010000010100000000000000000010000000000000
00000000000000000000000000010000000001010001000000000000000100000000100010000
00000000000000000000000001000000000100000000000000000000000000001100000001000
00000000000000000000000100100000000000001000000000000000001000000000010000100
00000000000000000000000010000000000000000000000000000000000000000001001000000
00000000000000000000000000000000000000100100000000000000000110000000000000000
00000000000000000000000000000000000000000000000000000000000001010000100000000
00000000000000000000000000000000000000000000000000000000010000001000000001100
00000000000000000000000000000000001001010010000000000000001000000000010000000
00000000000000000000000000000000010010001001000000000000000100100100000010000
00000000000000000000000000010000000100000000100000000000000000000000000000000
00000000000000000000000001100000000000100000000000000000000000010000100001000
00000000000000000000000110000000000000000100000000000000000010001000000000000
00000000000000000000000000000000000000000000000000000000000000000001000000100
00000000000000000000000000000000000000000000000000000000001100000000010000000
00000000000000000000001000000000000001010000000000000000000000000000000000000
00000000001110000000000000000000000000001010010000000000010001000110100001000
00000000000000000000000000000000001000000001000000000000000000010000000010100
00000000000000000000000000001000000110100000000000000000000100101000000000000
00000000000000000000000001110000010000000100101000000000100010000000010000000
00000000000000000000000010000000000000000000000000000000001000000000000001000
00000000000000000000000100000000000001010000000000000000000000000001100000000
00000000000000000000000000000000000000001000000000000000000000010000000000000
00000000000000000000000000000000000000100010000000000000000000001100000000100
00000000000000000000000000000000000000000000000000000000000100000000000000000
00000000000100000000001000000000001010000101000000000000010001000000010011000
00000000001010000000000000000000000100000000000000000000001010100010100000000
00000000000001000000000001110100000001010000010100000000000000010000000000100
00000000000000000000000010001000010000001000100000000000000100000001000000000
00000000000000000000010100000000000000100000000000000000100000001000000001000
00000000000000000000000000000000100000000010001000000000000000000100100000000
00000000000000000000000000000000000000000100000000000000000000010000010000000
00000000000000000000000000000000000011010001000000000000001000100000000000100
00000000000100000000000001100000001100101000000000000000010011001000000010000
00000000001010000000001010010000000000000000000000000000000100000001000001000
00000000010000000000000000000000000000000000000010000001000000000010100000000
00000000000000000000100100000000000000000110110000100000000000010000010000000
00000000000001000001000000001000010001000000000100010000001000000100000000100
00000000000000000000000000000100000010110000000000000000000100100000000001000
00000000000000100000010001000000000100001001000001000000100000001000100000000
00000000000100000000000010100000001000000000001000000000010010010001000010000
00000000001010000000000000010000100000000100000000000000000001000000000000100
00000000000000000000001100000000000001110010000000000000001100001000010001000
00000000000000000000000000000000000010000000100000000000000000110000100000000
00000000000000000000000011000000000100001000000000000000000000000010000000000
00000000010000000000000000000011010000000000010000000000000010000100000000000
00000000000101000000100000101000000001000101000010000001001000000001010001100
00000000001000000000000100000000001000110000000100110000010100000000100010000
00000000000010000001010000010100000010000010000000000010100001011000000000000
00000000000000000000001000000000000000001000000000000000000000100000000000000
00000000000000100000000011000000000100100000101000000000000100000000000001100
00000000000000000000000000000000100001010100000001000000001010011000100000000
00000000001100000000000100100000000010000000000000000000000000000101010000000
00000000010000000000000010000000011000000001010000000000010100000010000000000
00000000000011000000000000000000000100001010000000000000001010100000000011000
00000000000000000000101001011000000001100000000000000000000001010000110000100
00000000000000000000010100000011000010010100000110011001000000001000000000000
00000000101000000000000000000000000000000000100000100000100100000000000000000
00000000000100000001000000100100000000000000000000000000000000000001000001000
00000000000000000000000010000000001001101000000000000000011000011000100000100
00000000000010000000000001000000110110010011001000000000000110100100000000000
00000000010000100000001100000000000000000100010000000010000010000000010010000
00000000001001000000000010010000000000000000000000000000001101010000100001000
00000000000100000000110000000000000111100000000000000000000000000010000000100
00000000000000000000000100001000001000010000100000000000000000001001010000000
00000000000000000000001001100000000000001000000100010000010010000000000000000
00000000000010000000000000000001010000000010000010000001100100110000000001000
00000000101000000000000010000010000011100100000000101000001000001000100000000
00000000010000000001000000000100000000000001000000000000000100000100000010100
00000000000100000000000100010000100100010000010000000000000011000000000000000
00000000000001000000010000000000001000001000000000000000001000010001110001000
00000000000000000000101011100000000011000000100000000000010110001000000000100
00000000001010000000000100000000010100110100001000000000000000100000000000000
00000000000000000000000000001000000010000010000000010000000110000000010000000
00000000000100000000001000000000000000000000000000000000001000010010100001000
00000000010000000000000010000000001001000000000100000000100001001000000010000
00000000001000000000010001000000000000101001000000000001000000000101000000100
00000000100000000000000100010001000000010000010010100000010110000000000000000
00000000000011000001000000100000110110000100100000001000001100110000110001000
00000000000000000000100000000100000001000000000000000000000010001000000000000
00000000000100000000001110000000000010000010000000000000000000000000000000100
00000000000000000000000000000000001100110000000000010000000000000000000000000
00000000011000000000010001000000000000001000000000000000001111010000110011000
00000000000000000000000000001000000001000000000000000000000000001001000000000
00000000000000000000001010000000010000000100000000000000010100000100000000100
00000000000010000000000100010000000010100001010000000000100010100000100000000
00000000001100000000000000100000001000010000100000000000001000010010010001000
00000000100001000000100000000000100111000010000000100000000110001000000000000
00000000000000000000010001000000000000000000000000000000000001000000000000100
00000000010000000000001110000000000000001000000000010000000000000001000010000
00000000000000000000000000000001000000100000000000000000001110000000110001000
00000000000000000000000000000100010101010100000010000000010000011000000000000
00000000001010000000000000000000001010000000000000000000000000100100100000000
00000000000100000000000000000000000000000000000000000000000110000000000000100
00000000000000000000001110111000000000000000010000000000000000000000010001000
00000000000000000000010001000000000010100010100000000000001001010001000000000
00000000000000000000100000000000000101011000000000100000000110001000000010100
00000000010000000000000000000000100000000000000001010000000000000010100000000
00000000001000000000000100000000011000000000000000000000000010000000010001000
00000000000000000000001010000010000011000100000000000000011100100000000000000
00000000000110000000000000000000000000100000000000000000000000011100100000000
00000000000000000000010000000000000100000000000000000000000001000001000001100
00000000000000000000000001000100000000010000000000000000000010000000000010000
00000000000000000000000000100001000010000000000010000000000100000000010000000
00000000001000000000001100010000001001001000000000000000000000000000100000000
00000000010000000000100010001000010000000010010000100000001110011000000001100
00000000000000000000000000000000000110100000000000010000000000100001010000000
00000000000000000000000000000000100000000000000001000000000000000010100000000
00000000000100000000010100000000000001010100000000000000010011000100000010000
00000000000010000000000001000000000000000000000000000000000000000000000001100
00000000000000000000001010000010001010000000000000000000001100011000000000000
00000000001000000000000000000000000100000000000000000000000000000001100000000
00000000000000000000000000100100000000100000000000000000000010000000010001000
00000000000000000000000000000000010011000000000010100000000100100000000000000
00000000010000000000000100000001000000001000000000000000000000000000100010100
00000000000000000000111000010000000000010000000000010000000011011000010100000
00000000000100000000000010001000001100000000000001000000001000000011000001000
00000000000000000000000001000000000011000000000000000000000100000100000000100
00000000001000000000000000000000100000100000000000000000000000000000100000000
00000000000000000000000100000000000000000000000000000000000010000000000011000
00000000000000000000000000000010000010000000000000000000000000100000000000000
00000000000000000000001000000100010100000000000000100000010000011001110000000
00000000000010000000010000100000001001010000000000000000000101000000000001100
00000000000000000000000010000000000000000000000010000000001010000000000000000
00000000000000000000000000000000000010000000000001000000000000000010000010000
00000000010000000000100101000001000100100000000000010000000000000101110100000
00000000001100000000000000000000000001000000000000000000000100010000000001100
00000000000000000000001000001000000010000000000000000000000010101000000000000
00000000000000000000000000000000001000000000000000000000000000000000101001000
00000000000000000000010000000010010000000000000000100000000001000000000010000
00000000000000000000000010000100000100000000000000000000001000000001000000000
00000000000000000000000100000000000011010000000000000000000110000010010000100
00000000000000000000000000000000000000100000000011000000000000010000100011000
00000000000000000000000000100000000000000000000000000000000000001100000100000
00000000000000000000001001000000001100000000000000010000000000100001000001000
00000000001000000000000000000000000010000000000000000000000000000000000000100
00000000000000000000100000000001000001000000000000000000000111000000110000000
00000000000000000000010000001000010000000000000000100000000000000000000010000
00000000000000000000000110000010000010000000000000000000001000010011001001000
00000000000000000000000000000100000100000000000000000000000000000000000000000
00000000000000000000000000000000001000100000000001000000000010001000100111100
00000000000000000000001000000000000001010000000010000000000000100100000000000
00000000000000000000000000000000000010000000000000000000000100000000010000000
00000000000000000000000000000000000100000000000000010000000001000001000011000
00000000000000000000000001000000000000000000000000100000000000000010100000000
00000000000000000000010100000000010000000000000000000000000000010000000000100
00000000000000000000000010000000001011000000000000000000000010000000000101000
00000000000000000000000000001110000000000000000001000000001100001001001010000
00000000000000000000000000000000000100000000000000000000000000000000110000000
00000000000000000000001000000000000000100000000000000000000000100100000001000
00000000000000000000000000000000000010000000000010000000000011000010000010100
00000000000000000000000000000000000000000000000000110000000000000000000101000
00000000000000000000000000000000001101000000000000000000000000000001000010000
00000000000000000000000100000000000000000000000000000000000000010000100000000
00000000000000000000010000000000010010000000000001000000000100000000000001000
00000000000000000000000010000100000000000000000000000000000000001000011000000
00000000000000000000000000000010000000000000000000000000000010000011000110100
00000000000000000000000000001000000100000000000000100000000000100100100001000
00000000000000000000001000000000001011000000000000000000001001000000000000000
00000000000000000000000000000000000000000000000010010000000000000000000011000
00000000000000000000000000000000000000000000000000000000000000000000000000000
00000000000000000000000000000000000100000000000001000000000100000001010110100
00000000000000000000000100000000000000000000000000000000000010010010001001000
00000000000000000000000000000100010010000000000000100000000000001000100010000
00000000000000000000000000000000001000000000000000000000000000000000000101000
00000000000000000000000000000010000001000000000000000000000000000100000000000
00000000000000000000000000000000000100000000000000000000000000000001000000000
00000000000000000000000000000000000010000000000001010000000001100000000011100
00000000000000000000000000001000000000000000000010000000000010000010110000000
00000000000000000000000000000000000000000000000000100000000100000000001111000
00000000000000000000000000000000001100000000000000000000000000000000000000000
00000000000000000000000000000100000000000000000000000000000000000001000010000
00000000000000000000000000000000000000000000000000000000000000011000000101000
00000000000000000000000000000000010011000000000000000000000000000100000010000
00000000000000000000000000000000000000000000000001000000000000000010000001100
00000000000000000000000000000010000000000000000000100000000010000000111000000
00000000000000000000000000000000000100000000000000010000000000000000000110000
00000000000000000000000000000000001000000000000000000000000000000001000001000
00000000000000000000000000000000000010000000000000000000000100000000000010000
00000000000000000000000000000000000000000000000010000000000000000000000001000
00000000000000000000000000000100000100000000000000000000000000000010000110000
00000000000000000000000000000000000000000000000001100000000000000100101000100
00000000000000000000000000001000000001000000000000000000000000000000000111000
00000000000000000000000000000000000000000000000000000000000010000001010000000
00000000000000000000000000000000011010000000000000000000000000001000000011000
00000000000000000000000000000000000000000000000000000000000000000000000000000
00000000000000000000000000000000000100000000000000010000000000000000000100000
00000000000000000000000000000000000000000000000000000000000000000010001011000
00000000000000000000000000000000000000000000000000100000000000000000100000000
00000000000000000000000000000100000000000000000001000000000000000000000111100
00000000000000000000000000000000000010000000000000000000000100000101000010000
00000000000000000000000000000000000000000000000000000000000000000000010000000
00000000000000000000000000000000001100000000000000000000000010000000000101000
00000000000000000000000000000000000001000000000000000000000000000000001010000
00000000000000000000000000000000000000000000000000000000000000000010000001000
00000000000000000000000000000000000000000000000000100000000000000000000110000
00000000000000000000000000000000000000000000000000000000000000000000100000000
00000000000000000000000000000000000010000000000001000000000000000000000011000
00000000000000000000000000000000000100000000000000000000000000000001000000000
00000000000000000000000000000100000000000000000000000000000000000000001111100
00000000000000000000000000000000001000000000000000000000000000000000010000000
00000000000000000000000000000000000000000000000000000000000000000000000110000
00000000000000000000000000000000000000000000000000000000000000000110000000000
00000000000000000000000000000000000000000000000000100000000000000000000001000
00000000000000000000000000000000000000000000000000000000000000000000000010000
00000000000000000000000000000000000110000000000000000000000000000000101111000
00000000000000000000000000000000000000000000000001000000000000000000000000000
00000000000000000000000000000000000000000000000000000000000000000001000001000
00000000000000000000000000000000000000000000000000000000000000000000000110000
00000000000000000000000000000100001000000000000000000000000000000000000000000
00000000000000000000000000000000000000000000000000000000000000000000010010000
00000000000000000000000000000000000000000000000000100000000000000010001100000
00000000000000000000000000000000000100000000000000000000000000000000000001000
00000000000000000000000000000000000010000000000000000000000000000000000010000
00000000000000000000000000000000000000000000000000000000000000000000000001000
00000000000000000000000000000000000000000000000000000000000000000000000110000
00000000000000000000000000000000000000000000000000000000000000000000000000000
00000000000000000000000000000000000000000000000000000000000000000000000011000
00000000000000000000000000000000000000000000000000000000000000000000001100000
00000000000000000000000000000000001000000000000000000000000000000000000000000
00000000000000000000000000000100000100000000000000000000000000000000000010000
00000000000000000000000000000000000000000000000000100000000000000000000001000
00000000000000000000000000000000000010000000000000000000000000000000000100000
00000000000000000000000000000000000000000000000000000000000000000000000010000
00000000000000000000000000000000000000000000000000000000000000000000000000000
00000000000000000000000000000000000000000000000000000000000000000000001011000
00000000000000000000000000000000000000000000000000000000000000000000000100000
00000000000000000000000000000000000000000000000000000000000000000000000000000
00000000000000000000000000000000000100000000000000000000000000000000000011000
00000000000000000000000000000000000000000000000000000000000000000000000000000
00000000000000000000000000000000000000000000000000000000000000000000000100000
00000000000000000000000000000000000000000000000000000000000000000000000000000
00000000000000000000000000000000000010000000000000000000000000000000000010000
00000000000000000000000000000000000000000000000000000000000000000000001001000
00000000000000000000000000000000000000000000000000000000000000000000000010000
00000000000000000000000000000000000000000000000000000000000000000000000100000
00000000000000000000000000000000000000000000000000000000000000000000000000000
00000000000000000000000000000000000100000000000000000000000000000000000001000
00000000000000000000000000000000000000000000000000000000000000000000000010000
00000000000000000000000000000000000000000000000000000000000000000000000100000
00000000000000000000000000000000000000000000000000000000000000000000000000000
00000000000000000000000000000000000000000000000000000000000000000000000000000
00000000000000000000000000000000000000000000000000000000000000000000001010000
00000000000000000000000000000000000000000000000000000000000000000000000001000
00000000000000000000000000000000000000000000000000000000000000000000000000000
00000000000000000000000000000000000000000000000000000000000000000000000100000
00000000000000000000000000000000000000000000000000000000000000000000000010000
00000000000000000000000000000000000000000000000000000000000000000000000000000
00000000000000000000000000000000000000000000000000000000000000000000000001000
00000000000000000000000000000000000000000000000000000000000000000000000000000
00000000000000000000000000000000000000000000000000000000000000000000000110000
00000000000000000000000000000000000000000000000000000000000000000000000000000
00000000000000000000000000000000000000000000000000000000000000000000000000000
00000000000000000000000000000000000000000000000000000000000000000000000000000
00000000000000000000000000000000000000000000000000000000000000000000000000000
00000000000000000000000000000000000000000000000000000000000000000000000011000
00000000000000000000000000000000000000000000000000000000000000000000000000000
00000000000000000000000000000000000000000000000000000000000000000000000100000
00000000000000000000000000000000000000000000000000000000000000000000000000000
00000000000000000000000000000000000000000000000000000000000000000000000000000
00000000000000000000000000000000000000000000000000000000000000000000000010000
00000000000000000000000000000000000000000000000000000000000000000000000000000
00000000000000000000000000000000000000000000000000000000000000000000000000000
00000000000000000000000000000000000000000000000000000000000000000000000000000
00000000000000000000000000000000000000000000000000000000000000000000000000000
00000000000000000000000000000000000000000000000000000000000000000000000000000
00000000000000000000000000000000000000000000000000000000000000000000000000000
00000000000000000000000000000000000000000000000000000000000000000000000000000
00000000000000000000000000000000000000000000000000000000000000000000000000000