00000000000000000000000000000000000000000000000000000000000000000000000000000
00000000000000000000000000000000000000000000000000000000000000000000000000000
00000000000000000000000000000000000000000000000000000000000000000000000000000
00000000000000000000000000000000000000000000000000000000000000000000000000000
00000000000000000000000000000000000000000000000000000000000000000000000000000
00000000000000000000000000000000000000000000000000000000000000000000000000000
00000000000000000000000000000000000000000000000000000000000000000000000000000
00000000000000000000000000000000000000000000000000000000000000000000000000000
00000000000000000000000000000000000000000000000000000000000000000000000000000
00000000000000000000000000000000000000000000000000000000000000000000000000000
00000000000000000000000000000000000000000000000000000000000000000000000000000
00000000000000000000000000000000000000000000000000000000000000000000000000000
00000000000000000000000000000000000000000000000000000000000000000000000000000
00000000000000000000000000000000000000000000000000000000000000000000000000000
00000000000000000000000000000000000000000000000000000000000000000000000000000
00000000000000000000000000000000000000000000000000000000000000000000000000000
00000000000000000000000000000000000000000000000000000000000000000000000000000
00000000000000000000000000000000000000000000000000000000000000000000000000000
00000000000000000000000000000000000000000000000000000000000000000000000000000
00000000000000000000000000000000000000000000000000000000000000000000000000000
00000000000000000000000000000000000000000000000000000000000000000000000000000
00000000000000000000000000000000000000000000000000000000000000000000000000000
10000000000000000000000000000000000000000000000000000000000000000000000000000
00000000000000000000000000000000000000000000000000000000000000000000000000000
00000000000000000000000000000000000000000000000000000000000000000000000000000
00000000000000000000000000000000000000000000000000000000000000000000000000000
00000000000000000000000000000000000000000000000000000000000000000000000000000
00000000000000000000000000000000000000000000000000000000000000000000000000000
00000000000000000000000000000000000000000000000000000000000000000000000000000
00000000000000000100000000000000000000000000000000000000000000000000000000000
00000000000010001000000000000000000000000000000000000000000000000000000000000
00000000000000000010000000000000000000000000000000000000000000000000000000000
10000000000000000000000000000000000000000000000000000000000000000000000000000
00000000000000000000000000000000000000000000000000000000000000000000000000000
00000000000000000000000000000000000000000000000000000000000000000000000000000
00000000000000000000000000000000000000000000000000000000000000000000000000000
00000000000000000000000000000000000000000000000000000000000000000000000000000
00000000001000000000111000000000000000000000000000000000000000000000000000000
01000000000001000001000111001000000000000000000000000000000000000000000000000
00000000000100000100000000010100000000000000000000000000000000000000000000000
10000000000010011000000000100011000000000000000000000000000000000000000000000
00000000000000100010000000000000100000000000000000000000000000000000000000000
00000000000000000000000000000000000000000000000000000000000000000000000000000
00000000000000000000000000000000000000000000000000000000000000000000000000000
00000000000000000000000000000000000000000000000000000000000000000000000000000
00000000000000000000000000000000000000000000000000000000000000000000000000000
00100000011000000000111000000000000000000000000000000000000000000000000000000
00000011000000000000000101001000010000000000000000000000000000000000000000000
11000000000011000101000010010100000000000000000000000000000000000000000000000
00000100100100001000000000100011001000000000000000000000000000000000000000000
00000000000000010010000000000000100000000000000000000000000011000000000000000
00000000000000100000000000000000000000000100000000000000000000000000000000000
00000000000000000000000000000000000000000000000000000000000000000000000000000
00000000000000000000011000001000000000000000000000000000000000000000000000000
00000000001000000000100100000100000000000000000000000000000000000000000000000
00000000000000000100000001010000000000000000000000000000000000000000000000000
10000000010010000001000010000011000000100000000000000000000000000000000000000
00100011000101001010000000100000010000001000000000000000000100000000000000000
01000000000000000000000000000000100000010000000000000000001000100000000000000
00000000100000010000001000001000001001000000000000000000000011000000000000000
00010100000000100000010000000000000000000000000000000000000000010000000001000
00000000001000000000100100000100000000000100000000000000000000000000000010000
00000000000000000100000001010010000000000000000000000000000000000000000000000
00000000000010000001000010001001000000000000000000000000000000000000000000000
10000000000000001010000000100000000000000000000000000000000000000000000000000
00000000010101000000011000000100110000000000000000000000000100000000000000000
00000001000000000000000000000000000100100000000000000000000010000000000000000
00000010000000000000100100010010000000001000000000000000011001100000010000000
00000000101000010000000000000000001000000000000000000000000000000000000000100
01100000000000100100000001001001000001010000000000000000000000001000100001000
00000000000010000001000010100000000000000100000000000000000000010000000010000
00000100000000001010011000000100100010000000000000000000000000000001000000000
00000000000101000000000000011010000000000000000000000000000110000000000000000
10000000000000000000100100000100010000000000000000000000000000000000000000000
00000000010000000000000000000000000000000000000000000000001001000000000000000
00000001001000000000000001000001000000100000000000000000000000100000010001000
00000000000000000101011010100000000000001000000000000000110000000000000100100
00000010100010010010000000011010001100000000000000000000000100010000000000000
00000000000000101000000000000000100000000000000000000000000010001000100010000
00000000000101000000100100000100000001010100000000000000000000000000000000000
00000000000000000000000000001000010000000010000000000000000000000000000000000
00000000000000000000001001010101000000000000000000000000001001000001000001000
10000000011000000001010010100010000010000000000000000000000100100000010000100
00000000000010000110000000000000000000000000000000000000000000010000000000000
00000001000000000000100100001000100000100000000000000000010010000000100010000
00000100100000001000000000000100001000001000000000000000000000001000000001000
00000000000101110000011001010010000000000000000000000000001100000000000000000
00000010000000000000000010101001010100000100000000000010100000000010000100000
00000000000000000001000000000000000001000000000000000000000001010000010000100
00000000001010000010000000000100000000010000000000000000000010100001000000000
00000000010000000100100100010000100000000000000000000001000000000000100000000
00000000000000000000001000001110000000000010000000000000000100001000000011000
00000000000100000000010001100000000010100000000000000000011000000000000000000
10000001100001001001000010000001011000000000000000000000000100010000010001100
00000000000000100000100100011000000000001000000000000000000000000000100000000
00000000001010010010000001000110000000000100000000000000001011100000000000000
00000000000000000000011000100000100000000000000000000000000000001001000010000
00000010010000000100000010000000000101000000000100000010100000010000000100000
00000000000100000000000000011100000000000000000000000000000100000010010000100
00000000000001000001000000000001000000010000000000000100010000000000100001000
00000000000000001000101100000010010000100000000000000001000010000000000000000
00000000101010000010000001101100001000000000000000000000001100101000000001000
00000001000000100000010000010000000010001110000000000000000001010001110010100
00000000000000000101000010000000100000000000000000000000000000000000000000000
00000000010100010000100101101110000000000000000000000000001100011000000000000
00000000000000000000001000010000000000000000000000000000000000000000000000000
00000000000001000010010000000001010001000000000000000010010010100100110001000
00000000001010001000000010000100000100000000000000000000100000000000000010100
00000010000000000000000000001000000000100000000100000000000100000011000100000
00000000100100000001000001100010101000010100000000000000001001011000000001000
00000000000000100100101100010100000000001000000000000101000000000000100000000
00000001010000000000000000001000000010000000000000000000000110000000010000100
00000000000001000010010011110001010000000010000000000000000000111000000000000
00000000001010010001000000000100000000000000000000000000011000000000110011000
00000000000000000000101100001010000000000000000000000010000100000001000000000
00000000000100001000000000100000000001000000000000000000000000011000000000100
00000000100000000100010010000100100100100100000000000000000001100100100001000
00000000010000000010000001010000001000000000001000000000101110000000000000000
00000000001000100001000000001000010000001000000100000000000000000010010010000
00000010000011000000001100010111000000010000000000000001010000011001000000100
00000001000100000000100001101000000010000000000000000000000000000000100001000
00000000000000000000000010000000000000000000000000000100001100000000010000000
00000000000000011001010000100100000000000010000000000010000010111000100000000
00000000100000000110000001010000100000000100000000000000000101000000000001100
00000000011010000000101110001010010001000000000000000000000000011001010010000
00000000000000000000000000100100001000100000000000000000001000000100000000000
00000000000101100000010000010001000100001000000000000000010000100000100000000
00000000000000000001000001001000000000000000000000000000100100000000000001100
00000000000000000010000110000100000000000000000100000001000010011010010000000
00000001001000000100001000100010000010010000000000000000001000000001100010000
00000000110010001000100001011000100000000100000000000010000101000000000001000
00000010000100010001000000000100010000000000000000000000000000111000110000100
00000000000000000000010010110000000000000010000000000100000000001000000000000
00000000000001000010000101000001001000000000000000000000011100010100000000000
00000000001000000000101010101100000001101000000000000000000010000001010001100
00000000000010100000000000000010000000000000000000000000000000100000100010000
00000000000000000101000001010000000100000000000000000000000000011000000000000
00000000110100000000010100001100110000000100000000000001101101000000100001000
00000001000000001010000000100000000010000000000100000010000000001010010000000
00000000001000000000001011010000000000000000000000000000000100010001000000100
00000000000001010001100000001111000000010000000000000000010010100000110010000
00000000000010000000000010100000000000000000000000000000000000001100000001100
00000000000100000100010101010000001000001010000000000000001000010000000000000
00000010010000000010000010100000000000000000000000000100000000001001100000000
00000000101000100000101001001100010001100100000000000000000101110000010001000
00000000000000000001000100000000100000000000000000000000000000001000100000000
00000000000010001000000000010010000100000000000000000011001110000000010010100
00000001000001000000000001101101000010000000000000000000010000010010000001000
00000000000100000010010010010000000000000000000100000000100000001101100000000
00000000011000010101001010000000000000000000000000000000000000100000000000100
00000000000000000000100101100100000000001000000000000000000000010000010000000
00000000100000000000000000001000001000010100000000000000001100001000100011000
00000000000110000000000011110010010000000000000000000000000001011001010000000
00000000000000100010010100000000100000000000000000000000000010100000100000100
00000000001001001001101011001001000000000010000000000110000100000000000001000
00000010010000000100000000010100000001100000000000000001010000011000110000000
00000001000010000000000000100000000110000000000000000000001000000110000000000
00000000000000000000000100000100000000000000000000000000000000010001000011100
00000000101100010011000011111010000000001100000000000000000100101000010000000
00000000000000000000011011000000000000000000000100000000000001000000100000000
00000000000001000000100000000000010000000000000000000000101010011001100000100
00000000010000000000000100000000001000000000000000000000000000000000010001000
00000000000110101100000011111101100000000000000000000010000100111000000000000
00000000001000000011000010000000000000000000000000000000010000000000110010000
00000001100000000000111101100000000000010000000000000000000000000110000001000
00000000000000000000000000010010000000000100000000000001000000011001100000100
00000010010010000000000000001100000010001000000000000100001000000000010000000
00000000001001010001000011000000000100000000000000000000000111110000000001100
00000000000100000110000110110000000000000000000000000000000000001001100000000
00000000000000001000001001001000010000000000000000010000000000001000010010000
00000000100000000000110000100101000000000000000000000000001100010000100000000
00000000000000100000000111000000000000000000000000000010010000100000010001000
00000001011110000001000010010010100000000000000000000000000000000111100000100
00000000000001000010001000000000000000000100000000000000000000011000000000000
00000000000000000100100101101000000000001000000000000000000000000000110001000
00000000000000000000010010010100000000000000000000000000000011011000000010100
00000000101010010001000001100000000000000000000000000001001100100001010000000
00000010010100001000000010000000000000000000000000000000000000000000100000000
00000000000000000010001101001001000000000000000000000000000000011000000001000
00000000000000000000000010010110000000000000000000000000010000000011110000100
00000001000001100100110000100000000000000000000000000010000100100100000000000
00000000001110000001000111000000010000000100000000010000001000011000100011000
00000000110000000000001000110000000000000000000000000000000000000000110000000
00000000000000000010000001001000000000001000000000000000000011000001010000100
00000000000000001000100110000000000000000000000000000000000000011000000000000
00000000001000010001010011000100000000000000000000000000000000000000100001000
00000000000111000100001000110010000000000000000000000000000100100011010000000
00000000010000000000000100001001000000000000000000000000001000011000100010100
00000011100000000010000011100000000000000000000000000000010000000100000001000
00000000000000100000000000010100000000000000000000000000000000010000110000000
00000000001110000001111011000000000000000100000000000010000000101001000000000
00000000000000000000000100000000000000000000000000000000000100000000110000100
00000000010000001110000010101000000000000000000000000000000011000011000001000
00000000100001000000001101000000000000001000000000000000001000000000110010000
00000000001000010001110010010010000000000000000000000000000000011000100000000
00000000000100000000000001100100000000000000000000010000000000000000000001100
00000001000010000000000100000000000000000000000000000000000000110101010000000
00000000010000000010001010011001000000000000000000000000010100001000100000000
00000000000000100100000001100000000000000000000000000000000000000010010001000
00000000101101000001110010000000000000000000000000000000000000010001100010100
00000010000010001000000111000000000000000100000000000000001000001000000000000
00000000000000000010001000000100000000000000000000000000000000000000110000000
00000000010000000000010100110000000000000000000000000010000001100001100001000
00000000001000010001001001001010000000000000000000000000000110000000010000100
00000001100100000100100010000000000000000000000000000000000000010110100010000
00000000000000000000000111100000000000001000000000000000000000001001000001000
00000000000011000010000000010000000000000000000000000000000000010000010000000
00000000010000000000011000000100000000000000000000000000001000000000100000100
00000000001100101001100111101000000000000000000000000000010000101001110001000
00000000000000000000000000000000000000000000000000000000000000000000000100000
00000000100000000000011011010000000000000000000000000000000100000010100010000
00000000000010000110000100000000000000000000000000000000000000010001010000100
00000000010000000001000000100010000000000000000000000000000000000100100001000
00000001001000010000101010000000000000000000000000000000000000001000000000000
00000000000101000000000101000100000000000000000000000000000000000001010011000
00000000000000000000010010011000000000000000000000000000001000110010100000100
00000000100000000010000001100000000000000000000000000000000000000001110000000
00000000000010001001001100000000000000000000000000000000000000001000000000000
00000000011100000100110011000000000000000000000000000000000100000000100001000
00000000000000000000001000110000000000000000000000000000000000010000010000100
00000000000000000000000110000000000000000000000000000000000000000101100110000
00000000000000000010000000001000000000000000000000000000000000000010000001000
00000000000001000001000000000100000000000000000000000000000000001001000000000
00000001100010000000110001000000000000000000000000000000000000100000110010000
00000000011100000000001110100010000000000000000000000000001000000000000001100
00000000000000000000000001010000000000000000000000000000000000010000110000000
00000000000000000100011110000000000000000000000000000000000000000011100000000
00000000000000001010000000000000000000000000000000000000000000001000000001000
00000000000000000001000001100000000000000000000000000000000100000001000000100
00000000000000000000100010001000000000000000000000000000000000010100110010000
00000000111110000000001100010000000000000000000000000000000000000000000101000
00000000000000000000010000000100000000000000000000000000000000000000000000000
00000000000001000000000000000000000000000000000000000000000000100011100000000
00000000000000000010000011100000000000000000000000000000000000001000010011100
00000000000000000001001100000000000000000000000000000000000000000000100000000
00000000000000000100100001000000000000000000000000000000000000000001000000000
00000000000000000000010010000000000000000000000000000000000000010000110000000
00000000011110000000000100010000000000000000000000000000000000000000000001100
00000000100000000000001000101000000000000000000000000000000000000011000010000
00000000000000000000000010000000000000000000000000000000000000000000100001000
00000000000000000010000001000000000000000000000000000000000000001000000000000
00000000000000000001010000000000000000000000000000000000000000000000010100000
00000000000000000000101100000000000000000000000000000000000000000101100000000
00000000000000000000000000000000000000000000000000000000000000010000000010100
00000000000000000000000011110000000000000000000000000000000000000000000001000
00000000011100000000000000000000000000000000000000000000000000000010110000000
00000000000010000000000100000000000000000000000000000000000000000001000001000
00000000000000000000011010000000000000000000000000000000000000000000100000000
00000000000000000010000000000000000000000000000000000000000000001000000010100
00000000000000000001000001000000000000000000000000000000000000000000000000000
00000000000000000000100000100000000000000000000000000000000000000001010000000
00000000000000000000000100000000000000000000000000000000000000010000100001000
00000000000000000000001010000000000000000000000000000000000000000000000000000
00000000000000000000010000010000000000000000000000000000000000000010000000000
00000000001100000000000001000000000000000000000000000000000000000000000011100
00000000010000000000000000000000000000000000000000000000000000000001100000000
00000000000000000000000000000000000000000000000000000000000000000000010000000
00000000000000000000001110100000000000000000000000000000000000000000100000000
00000000000000000011000000000000000000000000000000000000000000000000000000000
00000000000000000000100000000000000000000000000000000000000000000001000001000
00000000000000000000010001000000000000000000000000000000000000000000000010000
00000000000000000000000000000000000000000000000000000000000000000000000000100
00000000000000000000000010000000000000000000000000000000000000000010010000000
00000000000000000000001100000000000000000000000000000000000000010000100001000
00000000000000000000000000010000000000000000000000000000000000000000000000000
00000000000000000000000000000000000000000000000000000000000000000001000000000
00000000000000000000000000100000000000000000000000000000000000000000100000000
00000000000000000000000001000000000000000000000000000000000000000000000010000
00000000000000000000010010000000000000000000000000000000000000000000000001100
00000000000000000000000000000000000000000000000000000000000000000000010000000
00000000000000000000001100000000000000000000000000000000000000000000000000000
00000000000000000000000000000000000000000000000000000000000000000001000000000
00000000000000000000000000000000000000000000000000000000000000000000100000000
00000000000000000000000000000000000000000000000000000000000000000000000000000
00000000000000000000000000000000000000000000000000000000000000000000000001000
00000000000000000000000011000000000000000000000000000000000000000000000010000
00000000000000000000000000000000000000000000000000000000000000000000000000000
00000000000000000000010000000000000000000000000000000000000000000000100000100
00000000000000000000001100000000000000000000000000000000000000000001010000000
00000000000000000000000000000000000000000000000000000000000000000000000000000
00000000000000000000000000000000000000000000000000000000000000000000000001000
00000000000000000000000000000000000000000000000000000000000000000000000000000
00000000000000000000000000000000000000000000000000000000000000000000000000000
00000000000000000000000010000000000000000000000000000000000000000000000000000
00000000000000000000000001000000000000000000000000000000000000000000100000000
00000000000000000000000000000000000000000000000000000000000000000000000010000
00000000000000000000000000000000000000000000000000000000000000000001000000000
00000000000000000000001000000000000000000000000000000000000000000000000001000
00000000000000000000000100000000000000000000000000000000000000000000000000000
00000000000000000000000000000000000000000000000000000000000000000000000000000
00000000000000000000000000000000000000000000000000000000000000000000000000000
00000000000000000000000000000000000000000000000000000000000000000000100000000
00000000000000000000000000000000000000000000000000000000000000000000000000000
00000000000000000000000010000000000000000000000000000000000000000000000000000
00000000000000000000000000000000000000000000000000000000000000000000000000000
00000000000000000000000000000000000000000000000000000000000000000000000000000
00000000000000000000000000000000000000000000000000000000000000000000000001000
00000000000000000000000000000000000000000000000000000000000000000000000000000
00000000000000000000000000000000000000000000000000000000000000000000000000000
00000000000000000000000000000000000000000000000000000000000000000000000000000
00000000000000000000000000000000000000000000000000000000000000000000000000000
00000000000000000000000000000000000000000000000000000000000000000000100000000
00000000000000000000000000000000000000000000000000000000000000000000000000000
00000000000000000000000000000000000000000000000000000000000000000000000000000
00000000000000000000000000000000000000000000000000000000000000000000000000000
00000000000000000000000000000000000000000000000000000000000000000000000000000
00000000000000000000000000000000000000000000000000000000000000000000000000000
00000000000000000000000000000000000000000000000000000000000000000000000000000
00000000000000000000000000000000000000000000000000000000000000000000000000000
00000000000000000000000000000000000000000000000000000000000000000000000000000
00000000000000000000000010000000000000000000000000000000000000000000000000000
00000000000000000000000000000000000000000000000000000000000000000000000000000
00000000000000000000000000000000000000000000000000000000000000000000000000000
00000000000000000000000000000000000000000000000000000000000000000000000000000
00000000000000000000000000000000000000000000000000000000000000000000000000000
00000000000000000000000000000000000000000000000000000000000000000000000000000
00000000000000000000000000000000000000000000000000000000000000000000000000000
00000000000000000000000000000000000000000000000000000000000000000000000000000
00000000000000000000000100000000000000000000000000000000000000000000100000000
10000000000000000000000000000000000000000000000000000000000000000000000000000
00000000000000000000000000000000000000000000000000000000000000000000000000000
00000000000000000000010010000000000000000000000000000000000000000000000000000
00000000000000000000000000000000000000000000000000000000000000000000000000000
00000000000000000000000000000000000000000000000000000000000000000000000000000
00000000000000000000000000000000000000000000000000000000000000000000000000000
00000000000000000000000000000000000000000000000000000000000000000000000000000
00000000000000000000000000000000000000000100000000000000000000000000000000000
00000000000000000000000000000000000000000000100000000000000000000000000000000
00000000000000000000000000000000000000000000010000000000000000000000000000000
10000000000000000000000100000000000000000000000000000000000000000000000000000
00000000000000000000000000000000000000000000000000000000000000000000100000000
00000000000000000000000010000000000000000010000000000000000000000000000000000
00000000000000000000000000000000000000000000000000000000000000000000000000000
00000000000000000000010000000000000000000000000000000000000000000000000000000
00000000000000000000000000000000000000000000000000000000000000000000000000000
00000000000000000000000000000000000000000000000000000000000000000000000000000
00000000000000000000000000000000000000001100000000000000000000000000000000000
00000000000000000000000000000000000000000000100000000000000000000000000000000
10000000000000000000000000000000000000000000010000000000000000000000000000000
01000000000000000000000000000000000000000000000000000000000000000000000000000
00000000000100000000001100000000000000000000000000000000000000000000000000000
00000000000000000000000010000000000000000000000000000000000000000000000000000
00000000000000000000000000000000000000000010000000000000000000000000000000000
00000000000000000000000000000000000000000000000000000000000000000000000000000
00000000000000000000010000000000000000000000000000000000000000000000000000000
10000000000000000000000000000000000000000100000000000000000000000000000000000
00000000001010000100100000000000000000000001100000000000000000000000000000000
00000000000000000010000001000000000000011000000000000000000000000000000000000
00000000000001000001000000000110000000000000011000000000000000000000000000000
01000000000000000000000000011000000000100000000000000000000000000000000000000
00100000000100000000001110100001100000000000000100000000000000000000000000000
00000000000000000000000000000000000000000010000010000000000000000000000000000
10000000000000000000000000000000000000000000000000000000000000000000000000000
00000000000000000000010000000000000000000100000000000000000000000000000000000
00000000001010000000000000000000000000000000100000000000000000000000000000000
00000000000000000100000000000000000000000001000000000000000000000000000000000
00010001100000111010100000000000000000001000010000000000000000000000000000000
11000000010001000000000001000000010000010000000000000000000000000000000000000
00000010000000000001000010000110000001000000001000000000000000000000000000000
00001000000100000000001100011000000000100000000000000000000000000000100000000
00100000000000000000000000100001100000000010000100000000000100000000000000000
00000100000000000000010000000000000000000100100010000000000000000000000000000
10000000001010000000000000000000000000000000000000000000000000000000000000000
01000000000000000100000000000000000000000000000000000000000000000000000000000
00000000000001000010100000000000000000001001010000000000000000000000000000000
00010001100000100001000010000000000000000000000000000000000000000000000000000
10000000010100011000001101000110000000010000000000000000000000000000000000000
00000000000010000000010000011000010000000000001000000000000000000000000000000
00100010001000000000000000000001100000100110100000000000000000000000000000000
00001000000000000000000000100000000001000000000100000000000000000000000000000
01000000000000000000000000000000000000000000000001000000000000000000000000000
10000100000001000110100000000000001000000000000010000000000100000000000000000
00000000000000000001001010000000000000001001010000000000000000000000000000000
00010001101110100000010100000110000000000000000000000000000000000000000000000
10000000010000000000000001011000110000010000000000000000000000000000000000000
01100000000000011000000000000001000000000100101000000000000000000000000000000
00000000000000000000000000000000000010000010000000000000001000000000000000000
00000010000011000000111000100000000000100000000000110010000000000000000000000
00001000000000000111000010000000000100000000000100001000000000000000000000000
10000000001100000000000100000110000000001000000000000100000000000000000000000
00000100000000000000000000000000100001000001010010000000010000000000000000000
01010001110000100000000000011001011000000100000001000000000100000000000000000
10100000000000000000001001000000000000010000100000000000000000000000000000000
00000000000011000000110000000000000000000010001000000000000000000000000000000
00000000001000011011000000000110000000000000000000000000000000000000000000000
00000010000100000100000110100001100000100000000000000000000000000000000000000
11000000000000000000010000011000000000001000000100000000000000000000000000000
00001000000010000000001000000000010010000100000000110000001000010000000000000
00110001110000100000100000000000000100000001010000001010000000000000000000000
00000100001001000000000000000010000000010000100010000100000010000000000000000
10000000000000000001000001000100001000000010000000000000110100000000000000000
01000000000100000010000110000001100001000000001001000000000000000000000000000
00000000000010011100011000111000010000000000000000000000000000000000000000000
10000010000000000000100000000010000000101100000000000000000000000000000000000
00100000011000000000000000000101000000000000000100000000000000000000000000000
00011001100001100001010000000000100000000000000000000000000000000000000000000
01000000000000000000001000001000000000010001110000110000000000100000000000000
00000100000110000010000100010000000110000010000000001000001000010000000000000
10000000000000000000100011000010011000000000000010000110000000000000000000000
00000000001000000100000000100101000000000100001000000000000110001000000000000
00100000010000011000010000000000000000001000000000000000010000000000000000000
11000010100001000001001000000010100000000000000001000000100001000000000000000
00010001000110100000000000011001010000100000000100000000000000000000000000000
00001000000000000010110100000100000000010000100000000000000000000000000000000
00000000001000000000000000000000100001000011010000010000000000000000000000000
10000000000000000000001010101000000100000100000000100000000000000000000000000
01100100010000000101000001000011001010000000000010001000000000110000000000000
00000000000011000000100000010000010000001000001000000100001100000000000000000
00000000100100010000010000000100000000000000000000000010000010000100000000000
10010011001000101010000100000010000000000000000000000000010000001000000000000
00000000000000000000001000000001100000010000100100000000000000000000000000000
00001000010000000001010000001000000000100010000001000000100001000000000000000
01000000000010000000100010110100110000000101010000010000000000000000000000000
10100000101000000100001000001011001000000000000000000000000000000000000000000
00000000000101000000000001000000000100001000000000100000000000010000000000000
00000100000000000010010100000000000010000000001010001100000100100000000000000
00010001010000010001100000010101010000000000000000000000000010000010000000000
11000010000000100000000000000010000000000000100000000000001000000000000000000
00000000001010001000001000100000100000010110000100000010010000001000000000000
00100000100100000000010010001000000000000000000000000000000000000100000000000
00001000000000000000000000000011100000100001000001010000000001000000000000000
00000000010001000111100000010100011000001000010000000000000000000000000000000
10000000001000000000001101001000000000000000000000100000100000010000000000000
00000001000010000000010000000001000100000000001000000100000100100000000000000
01010100000000000000000000000110000000000000000010001000000010000000000000000
00000010100100110000100000100000110010000100100000000000000000000000000000000
10100000010000000000000000010001000000010010000100000000000000001000000000000
00000000001000001011011010001000000000000000000000000000001000000000000000000
00000000000001000000000100000010100000000001000000010010010000000000000000000
00001000000010000100000000000100001000001000000001000000000001000000000000000
01000000000000000000100001000001010000000000010000100000000000010100000000000
10000001111100000001011000011010000000100000000000000100000000100000000000000
00000000000000000000000000100000000100000000001000001000000110000000000000000
00010000000000000010000000000101100000000100100010000000100000000000000000000
00100110000000100000100000000000010000000010000000000000000000000000000000000
00000000000010010000010110000010000010010000000100000000000000001000000000000
00000000001001000000001000011001100000000001000000010000000000000000000000000
11000000010100000101000000000100001000000000000000000000000000000000000000000
00000000100000001000000000000000000000001000000001100010011001010000000000000
00000001000000000010110001100010010000000000000000000100000000100000000000000
00000000000000000000000000001001000000000000010000001000000010000000000000000
00000000001000000000001000010000100100000100001000000000000100000000000000000
10001000010010000001000100000110000000000000100010000000000000000000000000000
00110000000000000000000000000001000000000010000000000000000000000000000000000
00000010000100000000110010000000110000000000000100010000100000001000000000000
01000000100001100010000000000000001000010001000000000000000000000000000000000
00000000001000000100001000001101000000000000000000100100000000010000000000000
00000000000000000001000000110010000000000000000001000010000001000000000000000
10000000010000000000110000000000000000001000000000001000000000100000000000000
00000001000010000000000001000000110000000000000000000000010010000000000000000
00000000000000000000000100001011000000000000000000000000000000000000000000000
00000000000100000000000000000100000100000100000000000000000100000000000000000
00000000001000000010001000000000100000000000001010010000000000000000000000000
00000000100000000001010000010001000000000010100000000000000000000000000000000
01100000000000000000100010000000011000000000000000100100000000000000000000000
10000000010000000100000000100010000000000001000100000000100000011000000000000
00000000000000000000000000001100000000000000000000001010000001000000000000000
00000000000010000000001000000001100000000000000001000000000000100000000000000
00000000001000000001110000000010000000000000000000000000000010000000000000000
00000000000100000010000100010000010000000000000000000000000000000000000000000
00000000000000000000000000000001100000000000000000010000000000000000000000000
00000000000000000000000000001100000000000000000000000000000000000000000000000
10000000110000000000000000000000000000000000000000000100000100000000000000000
00000000000000000000010001000010001000000000000000100000000000000000000000000
00000000000000000001101000100001000000000000000000000000000000000000000000000
00000000001000000100000000000000110000000000000000001010000001010000000000000
00000000000010000010000000010000000000000000000000000000000000000000000000000
00000000000000000000000000001110000000000000000000000000000010100000000000000
00000000000100000000110000000001000000000000000000000000000000000000000000000
00000000000000000001000100000000100000000000000000010000000000000000000000000
10000000010000000000001000000000000000000000000000000100000000000000000000000
00000000000000000000000000000001010000000000000000000000000000000000000000000
00000000001000000000000000000010000000000000000000000000000000000000000000000
00000000100000000000000000000100001000000000000000100000000000000000000000000
00000000000000000010110000111000100000000000000000001000000000000000000000000
00000000000000000001000000000000000000000000000000000010000001000000000000000
00000000000010000000000000000001000000000000000000000000000000000000000000000
00000000000000000000001000000010010000000000000000000000000000000000000000000
00000000000100000000000000000000100000000000000000000000000010100000000000000
00000000010000000000100000000101000000000000000000000100000000000000000000000
00000000001000000000010000000000000000000000000000000000000000000000000000000
00000000000000000001000000001000000000000000000000000000000000000000000000000
00000000000000000000000000000000000000000000000000000000000000000000000000000
00000000000000000000000000000000000000000000000000000000000000000000000000000
00000000000000000000000000000000000000000000000000000000000000000000000000000
00000000000000000000000000000000000000000000000000000000000000000000000000000
00000000000000000000000000000000000000000000000000000000000000000000000000000
00000000000000000000000000000000000000000000000000000000000000000000000000000
00000000000000000000000000000000000000000000000000000000000000000000000000000
00000000000000000000000000000000000000000000000000000000000000000000000000000