00000000000000000000000000000000000000000000000000000000000000000000000000000
00000000000000000000000000000000000000000000000000000000000000000000000000000
00000000000000000000000000000000000000000000000000000000000000000000000000000
00000000000000000000000000000000000000000000000000000000000000000000000000000
00000000000000000000000000000000000000000000000000000000000000000000000000000
00000000000000000000000000000000000000000000000000000000000000000000000000000
00000000000000000000000000000000000000000000000000000000000000000000000000000
00000000000000000000000000000000000000000000000000000000000000000000000000000
00000000000000000000000000000000000000000000000000000000000000000000000000000
00000000000000000000000000000000000000000000000000000000000000000000000000000
00000000000000000000000000000000000000000000000000000000000000000000000000000
00000000000000000000000000000000000000000000000000000000000000000000000000000
00000000000000000000000000000000000000000000000000000000000000000000000000000
00000000000000000000000000000000000000000000000000000000000000000000000000000
00000000000000000000000000000000000000000000000000000000000000000000000000000
00000000000000000000000000000000000000000000000000000000000000000000000000000
00000000000000000000000000000000000000000000000000000000000000000000000000000
00000000000000000000000000000000000000000000000000000000000000000000000000000
00000000000000000000000000000000000000000000000000000000000000000000000000000
00000000000000000000000000000000000000000000000000000000000000000000000000000
00000000000000000000000000000000000000000000000000000000000000000000000000000
00000000000000000000000000000000000000000000000000000000000000000000000000000
00000000000000000000000000000000000000000000000000000000000000000000000000000
00000000000000000000000000000000000000000000000000000000000000000000000000000
00000000000000000000000000000000000000000000000000000000000000000000000000000
00000000000000000000000000000000000000000000000000000000000000000000000000000
00000000000000000000000000000000000000000000000000000000000000000000000000000
00000000000000000000000000000000000000000000000000000000000000000000000000000
10000000000000000000000000000000000000000000000000000000000000000000000000000
00000000000000000000000000000000000000000000000000000000000000000000000000000
00000000000000000000000000000000000000000000000000000000000000000000000000000
00000000000000000000000000000000000000000000000000000000000000000000000000000
00000000000000000000000000000000000000000000000000000000000000000000000000000
00000000000000000000000000000000000000000000000000000000000000000000000000000
00000000000000000000000000000000000000000000000000000000000000000000000000000
00000000000000000000000000000000000000000000000000000000000000000000000000000
00000000000000000000000000000000000000000000000000000000000000000000000000000
00000000000000000000000000000000000000000000000000000000000000000000000000000
10000000000000000000000000000000000000000000000000000000000000000000000000000
00000000000000000000010000000000000000000000000000000000000000000000000000000
00000000000000000000000000000000000000000000000000000000000000000000000011000
00000000000000000000000000000100000000000000000000000000000000000000000000000
00000000000000000000000000000000000000000000000000000000000000000000000000000
00000000000000000000000000000000000000000000000000000000000000000000000000000
00000000000000000000000000000000000000000000000000000000000000000000000000000
00000000000000000000000000000000000000000000000000000000000000000000000000000
00000000000000000000000000000000000000000000000000000000000000000000000100000
00000000000000000000100000111010000000000000000000000000000000000000000000000
10000000001000000000000000000001100000000000000000000000000000000000000000000
00000000000000000000011000000000000000000000000000000000000000000000000011100
00000000000000000000000000000100000000000000000000000000000000000000000000000
00000000000000000000000000000000000000000000000000000000000000000000001000000
00000000000000000000000000000000000000000000000000000000000000000000000000000
00000000000000000000000000000000000000000000000000000000000000000000000000000
00000000000000000000000000000000000000000000000000000000000000000000000111000
00000000000000000000000000000010000000000000000000000000000000000000000000000
00000000000000000000000000011000000000000000000000000000000000000000000000000
00000000000000000000110100100101110000000000000000000000000000000000000000000
10000000010000000000000001000000000000000000000000000000000000000000000000100
00000000101000000000001000000000000000000000000010000000000000000001000000000
00000001000000000000000010000000000000000000000000000000000000000000000011000
00000000000000000000000000000000000000000100000001000000000000000000001100000
00000000000000000000000000000010000000000000000000000000000000000000000000000
00000000000000000000000000001100100000000000000000000000000000000000000011000
00000000000000000000010000010001000000000000000000000000000000000000000000000
00000000000000000000100000100000000000000000000000000000000000000000000000100
00000000000000000000000000000000010000000000000000000000000000000000000000000
00000000000000000001001100000010000000000000000100000000000000000010000101000
00000000010000000000000001000000000000000000000010000000000000000001100010000
00000000101000000000000000000100100000000010000000000000000000000000000000000
00000000000000000000000010001001000000000000000001000000000000000000001000000
00000001000000000000010000010000000000000100000000000000000000000000000001100
00000000000000000000000000000010000000000000000000000000000000000000000110000
00000000000000000000100000100100010000000000000000000000000000000000000001000
00000000000000000000001000000000100000000000000010000000000000000000000010000
00000000000000000000000000000001000000000000000000000000000000000011000000000
00000000000000000000000100001010000000000000000100100000000000000000000001100
00000000010000000000010001000000000000000000000001000000000000000000100000000
00000000100000000001000000010000000000000000000000000000000000000000001100000
00000000001000000000000010000100110000000010000000000000000000000000000010000
00000000000000000000100000100001000000001100000000000000000000000100000001000
00000001000000000000001000000010000000000000000010000000000000000001000010100
00000000000000000000000000001100000000000000000001000000000000000010000101000
00000000000000000000010000000000100000000000000000000000000000000000000000000
00000000000000000000000101010011010000000000000100000000000000000000100011000
00000000000000000000000000000000000000000000000010100000000000000001000000100
00000000010000000000000000100000001000000000001000000000000000000000011000000
00000000100000000000101010001000100000000000000001010000000001000000000001000
00000000000000000001010000000100000000000111000000000000000000100000000110000
00000000001000000000000000000011000000000000000000000000000000000010000000000
00000000000000000000000000010000010000000000000000000000000000000100000001100
00000001000000000000000001000100000000001000000110000000000000000001100010000
00000000000000000000000100101011100000000000000001100000000000000000000101000
00000000000000000000001000000000000000000000000000000000000000000000000011100
00000000010000000000110000000000111000000000000000000000000000000001001000000
00000000100000000000000010000100000000000110000011000000000000000010000000000
00000000000000000000000000010010000000000000000000000000000000000000110000000
00000000000000000000000000001001000000000000001000010000000001000000000011100
00000000000000000001000001100000000100000001000100100000000000100000000100000
00000000001000000000011100000100100000000000000000000000000000010101000011000
00000001000000000000100000000011010000000000000011000000000000000000000000000
00000000000000000000000000000000000000000000000000000000000000000010100001100
00000000010000000000000010011000101000001110000000000000000000000001001110000
00000000100000000000000000000110010000000000000001100000000000000000000001100
00000000000000000000011001100000000000000000000010000000000000000000000000000
00000000000000000000000100000001000000000000000100000000000000000000110011000
00000000000000000000000000001100100000000001000000010000000001001011000000000
00000000000000000001100000000010001100000000001001000000000010100000000000000
00000000001000000000000000010001000000000000000000100000000100000100000111100
00000001010000000000010010000000010000000110000010000000000000010000000000000
00000000100000000010001001100000100000000000100000000000001000000001101001100
00000000000000000000000100001110000000000000000001000000000000000000000010000
00000000000000000000100000000000011000001000000100100000000000000010000101000
00000000000000000000000000000101100100000001000010000000000000000001110011100
00000000000000000000011000010010000000000000000001010000000001000000000000000
00000000000000000001000000000000000000000000000000000000000000100000000000000
00000000110000000000000011101001000000000110000000100000000000000110000000000
00000011001000000000000100000000111000000000001000000000000010001001100011100
00000000000000000100110000000110000010000000000011000000010100000000001101000
00000000000100000000000000000000000100000000000100000000000000010000000010100
00000000000000000000001000010000110000000001000000000000001000000001000001000
00000000000000000010000000001101001000001000100001100000000000000000110000000
00000000010000000000000000100010000000000010000010010000000001100010000111100
00000000100000000001110111000000000000000100000000000000000000000001100000000
00000000000000000000001000000001110100000000000000100000000000000100000000000
00000001001000000000000000000000001000000000000001000000000000000000000011100
00000000000000000000000000011110000001000000001100000000000110000010000001000
00000000000000000000010000000000100000100001000010000000010000000001001000000
00000000000000000000000000100000010010000000000001000000001000011000110111100
00000010110100000100101101000111000100010010000000100000000000100001000000000
00000000000000000001000010000000001000001100000000010000000001000000100010000
00000000000000000010000000001000110000000000100000000000000000000000000001100
00000000000000000000010000010001000000000000000011100000000100000110000001000
00000001001000000000101000000000001100000000000100000000000000000001100100100
00000000000000000000000100000110100000000001000000000000001010000000010010000
00000000010000000000000000100000010001000000001000000000010000000000000001000
00000000100000000000010001000000000010100010000001000000100000100011001011000
00000000000000000001000010001011101000000100010010110011000000010000100000100
00000000000000000000001000000100010100001000000000000100000101000000000000000
00000000000100000100100000010000000000010000000001000000000000000001100101100
00000000000010000000000100000001000000000000100100101000001000000000010010000
00000001001000000010010000100000101000000001000000000000000000001100000001000
00000000010000000000001000001010010100000000000010000000000110000011100010100
00000000100000000000100001000100000011100010001000000000010000000000000001000
00000000000000000001010010000000111000000100000001010000001000100000000000000
00000000000000000000000100000001000000000000000000100010000000000000111101100
00000000000000000000000000010010000100001000000100000001000000010001000010000
00000000000000000000001000000000100000000000010011000000100101000010000001100
00000000000100000000000000101100011000010001100000100100000000000001100000000
00000000011000000100110000000001000010000000000000000000000010000000000010000
00000001100011000000000001000000000100100110000000011000011000000100110001100
00000000000000000011001110000010111001000000001000000000000100000000000101000
00000000000000000000000000000000000000000000000111000010000000100001000010000
00000000000000000000110000010100010000001000000000100001000000000010100000100
00000000000000000000000000000001100110000000000000000000001110000000010001000
00000000000000000000001000101000001000000001000000000000000000010001001000100
00000000010000000000000100000010000000110110110001110000100001000000100011000
00000000001100000000010011000000110001000000000110000100010000000000000000000
00000000100000000001000000000101001100000000001000000000000000000011100101100
00000000000000000100100000000000000000000000000000001011001100000000010010000
00000001000010000010001000000000010010001000000000000000000010100100000001000
00000000000001000000010100011010100100000000000001110000000100000000100000100
00000000000000000000000000000000001000100111000010000000000000000001010000000
00000000000000000000101000100001010011010000000100000000000000000000100011000
00000000010000000001000011000100000000000000100000000011101010000010001000100
00000000001000000000010000000000101000000000011000100000010001010001000101000
00000000100100000000000100000000010100000000000011010100000100000000110010100
00000000000000001000000000000010000000001100000000001000000000000000000001000
00000000000000100000001000001001100101100010000100000000001100000001100000000
00000000000010000110110000010000011010000001000000100001000000100000000001100
00000000000000000000000010000100000000010000000000000010000010000010010010000
00000000000001000001001101100000000010000000000011010000100000000100100000000
00000000010000000000000000000010001001000000100000000000000100000001010001100
00000000001000000000110000000001110100000110011100001001011010000000101100000
00000000000100000000000000000000000000101000000000100100000001000000000010000
00000000100000000000000000000000000000000000000010010010000100010001000001100
00000000000000000000001100001000111110000001000001000000100000000010110001000
00000000000000000001010010000100000001010000000000000001000000000000000000100
00000000000010001110000000010011000000000110000100100000001010000000100010000
00000000000000100000101001100000010010100000000000000000000100100001010001000
00000000000001010000000000000000001100000000101010011000000000000000000000000
00000000011000000000010100000000100001001000010001000010010000000000101000100
00000000000100000000000000000000000000000000000000000101100110000001010111000
00000000000000000001100010000000000011000011000000000000001001000010100000100
00000000100000000000001000001101011100110100000110111001000000000000010001000
00000000000000000000010000000010100000000000000000000000100110000000000000000
00000000000000000000000100000000010010000000000000000010000000010001100000110
00000000000010000110001001010000000000001000000001000000000000000000000011000
00000000000000001000000000100000001101000010111000100000011000000000110000000
00000000000001100001110000000000000000100101000110010000000100000000001001100
00000000011100000000000010000001100010010000000000001101000010000011010000000
00000000000000010000000100000000010001000000000000000000100001000000100010000
00000000000000000000001000000110001110000010000001000011000110000000000101100
00000000000000000000110000001000000001100000000010011000100000000000110000000
00000000000000000000000000000000000000001000000000100000001000000001000000000
00000000100000000001001001000000110000000101011100000000010000000000010001100
00000000000010000110000100000001001110010000100000000001000100000000101010000
00000000000000000000010010110000000001000010000000000110000010000010000001010
00000000000001001000000000000000000000100000000011010000100000000001100000100
00000000001100100000100000000000010011000000000000101000001101000000010000000
00000000010000000000001000000110101100001100000000000001000010000000000001000
00000000000000000001010100000000000000100011000100001000100000000000110010100
00000000000000010000000000000000000011010000011010010000010000000001000000000
00000000000000000000101000001001000000000000000001000111000110000000111101000
00000000000000000010000011000000010101000000100000000000100000000000000000100
00000000000010000100010000000000001010100000000000100000001000000010000000000
00000000000001000000000100000000100000001110000000011000000101000001110011000
00000000000000001001000000100000000001000001000110000001000010000000000000110
00000000000100000000101000000010010110010000010000000000110000000000100001000
00000000001000100000010000010100001000100000001001001110000000000000011000000
00000000000000000000000000000001000001000010000000000001000110000001000000100
00000000000000000000001110000000100010001100000000110000101000000000110010000
00000000010000010011100000000000000101100000100010000000000000000000000001000
00000000000000000100010001000000010001000001000000001000110001000010010000100
00000000000011000000000000000000001010010000010100000101000110000000100000000
00000000000000000000000000001000000000100010001001010010000000000001001001000
00000000000000001000001100000000000100000000000000001000000000000000110000100
00000000000100000000110000000010100011001100000010000001100010000000000011010
00000000000000000001000000100101010000000000000000100000001100000000010000000
00000000000000100000001010000000001001110001000000000000010001000001100000100
00000000001000000010000000000000000110000010010000011100100010000000000000000
00000000000000000100110100000000000001100000101101000011000000000000011001000
00000000000001010000000001000000000000001100000010000000100100000010110000100
00000000000010000001000000000000110011000000000000001000010000000000000010000
00000000000000000000001000000000001100100000000000010101000010000001100001000
00000000000000001000010000000000000000010011000000100000101001000000010000100
00000000000100000000100100000011000011000000010000001000000100000000001000000
00000000000000000000000010000000000000101000001001000010000010000000100001010
00000000000000100010001000000100000101000100000110000001110000000001010000100
00000000000000000101010000000000011010000000000000010000000000000000010010000
00000000000001000000100000100000100001110010100000001100000110000000100001000
00000000000010000000000100000000000000000001000000000001100001000010000000100
00000000000000010000001001000000000111101000011000101000011000000000111000000
00000000000000000000010000000000000000000100000011010100100000000000000000000
00000000001000001001100000000000011001100000000000000010000010000001010001000
00000000000100000000000010000011000010000010000100000001000100000000100000100
00000000000000000010000000000000000100011000000000001000110000000000011010000
00000000000000100100011100000000100001000001000000000000000011000000000001110
00000000000001000000100000000100000011100000011000010001000100000001100000000
00000000000000000001000000000000001000000100100011001100100000000000010000000
00000000000010000000001000000000010100100010000000100010001010000000100001000
00000000000000000000010000000000000011011000000000000000110000000010010000100
00000000000000010000100100100000000001100000000000011101000001000000001010000
00000000000000001010000011000000001000000001001100000000000000000000010000000
00000000000100000001000000000011100110100000010000000000110110000001100001100
00000000000000000100011000000000010001000100000011001001000000000000010000000
00000000000001100000100000000000000000011010000000000000100000000000101000010
00000000000000000000000000000000000011100000000000010110000110000000000001100
00000000000010000000000100000100001100000000100000101000011001000001010000000
00000000000000000001011000000000000001100001001000000001100000000000100010000
00000000000000000010100000000000000010001000010000000000000010000000010000000
00000000000000010000000010000000110001000110000110001100100000000000011001100
00000000000000001000010000000000001100110000000001010000010000000010100000000
00000000000100000100101100000011000011100000000000000001000101000000000000100
00000000000001000001000001100000000000000000001000001110100010000001010001000
00000000000000100000000000000000000100001001000000000000010000000000101000010
00000000000000000000000000000000011011100000010000110001100000000000000010000
00000000000010000010110000000000000001010110000000001000001110000000110000100
00000000000000000001001000000100100000000000100011000000000001000000010001000
00000000000000000000010110010000000110100000001100000100110000000001000000000
00000000000000011100000000000000000001101000000000001001000010000000011000100
00000000000000000000101000000011001000000001000000000010100000000000100000000
00000000000001000000000000000000010111000000010000010100010000000000000001000
00000000000100000001000000000000000000110110000000001000100101000000110000000
00000000000000100010110100000000001001001000001000000001000010000010001010110
00000000000010000000000001100000100010000000000011100000010000000001010001000
00000000000000000000011000000000010100100000000000011100101000000000000000000
00000000000000000001000010000000000001100001000100000001000110000000110000100
00000000000000001100100000000100000010010000110000000010100001000000001000000
00000000000000010000000000000011001101001110001000001000010000000000110000000
00000000000001000010001100010000000000100000000000000100000010000001000001100
00000000000000000000110000000000100011000000000001000000110000000000010000000
00000000000100000001000000000000011100000000000010011001000000000000001010000
00000000000000100000010000000000000000100000000000000100100101000000100001010
00000000000010000000001010000000000011011101011000100000010010000000010000100
00000000000000000100100101000001010000100000000100000011101000000000110000000
00000000000000001011000000101010000100000010000000001000000000000001001000000
00000000000000000000010000000100101011100000000000010100010011000000000000100
00000000000001010000101000000000000001001000100001001000100100000000010001000
00000000000000000000000000000000000100010000001010000000000000000000100000000
00000000000000000000000000010000001010100100000000000001110000000000011010000
00000000000100000001010100000001010000000001010000000100000010000000100001100
00000000000010100110100010000010100001000000000000001010010001000001010000010
00000000000000000000011000000000000100100010000100110001101000000000000000000
00000000000000001000000000000000011010001000001001000100000110000000011000100
00000000000000000001100001000101000001110100000000001000110000000000100000000
00000000000001000000001100101000000110000000000000000000000001000000000001000
00000000000000010000000000000000100001000000010010000000100000000000010000000
00000000001000000010110000000010001000101001100000001101010010000001111000100
00000000000000000100000010010000010000000000001000010010000000000000000011000
00000000000110000001010000000000000111010010000000000000110100000000000000000
00000000000000100000001000000001000000100100000101000101001011000000111000110
00000000000000001000100100000000101000000000000000101000100000000000000000000
00000000000000000000000000000111010100000000000000000000010000000000010000000
00000000000001000011000000000000000011101000010000000000000000000001000001000
00000000000000010000111001001000000000000001001010011100110011000000111000100
00000000000000000100000000100000101001010000000000000011000100000000000000000
00000000000000000000010010000000010110100100000000000000100000000000110000000
00000000000110000001100100010011000000000010100001000100010010000000000011100
00000000001000000010001000000000000000101000000100001000101000000000001000000
00000000010000101000000000000100001001000000001000000001010001000000010000010
00000000000000000000000000000001100110000000010000100000000000000001110000000
00000000000001000000110000000010010000010000000000011100100110000000001001100
00000000000000010101000000001000000000000101000010000010010000000000000000000
00000000000000000000011110000001001001100000000000000001100001000000110000000
00000000000000000010100001100000110110001000000001000000010010000000000000100
00000000000110000001000000010100000000100010001000001100000000000000011000000
00000000000000000000000000000010000001000000000100000000111000000001100011000
00000000000000001000001000000001001000010000110000010000000101000000010000000
00000000001000100000110000000000000110100000000000000101100010000000001000110
00000000000001000110000100001000110000000101000000101010010000000000010000000
00000000010000000001000010000011000001001000001010000000000000000000100001000
00000000000000010000110000010100001000000000000001000000110011000000000000000
00000000000000000000001000100000000110000000000000000001000000000000011000100
00000000000110000000000001000001110000100000000000001100100100000001110000000
00000000000000000011000000000010000001010010000100010000011000000000000000000
00000000000000001100110100001100000000100000010000000000000011000000001011100
00000000000000000000001000000000001000001100101000000110110000000000110000000
00000000000001100000000010010001000110000001000000001001000000000000000000010
00000000001000000001110000000010110001000000000001100000110010000000010000000
00000000000000000010000000100000000000000000000010000000000101000000001001100
00000000010000010000000000000001001000100000000000000100000000000001110000000
00000000000110000000001101001100000110010000000000011000110000000000000000000
00000000000000000101100000010010110000000000001100000001001010000000011000000
00000000000000001000010000000100000001101010010000000000000001000000100000100
00000000000000000010000010000001000000000101000000000110110000000000000001000
00000000000001000000111000100010001000000000100001001000010110000000011010000
00000000000000100001000000001000000110000000000000000000100000000000010000110
00000000001000000000000100010001110001000000000000100001000001000001100000000
00000000000000000100000000000000000000110000000010000100010000000000000001000
00000000000110010010100001000100000000000000001000010000100010000000011000000
00000000010000000001011000000010001000000000000000001000001001000000100000100
00000000000000001000000010111001000110001001000101000000010100000000010000000
00000000000000000000100000000110110000100110010000000111100010000000001000000
00000000000001000000000100000000000001000000000000000000000000000000010001000
00000000000000000111010000000000000000000000100000001000010001000001100000100
00000000000000100000001001111001001000000000000000100000110000000000011010010
00000000001000000000100000000000000000010000001000000000000010000000000000000
00000000000110000000010010000110110110100000000010010101100100000000100001100
00000000000000010001000000000001000001000001000001000000001001000000010000000
00000000000000001010100100000000000000001000000000001000010010000000001000000
00000000010000000100001000011110001000000000000100000110000000000000010000000
00000000000000000000000001100000000000000100010000000000100001000001111000100
00000000000001000001010000000000000000100010100000000000010000000000000001000
00000000000000000000000010110001110110000000001000100001000110000000000000010
00000000000000000010100000001000000000000000000001001000110000000000100000000
00000000001110100000001101000110000001010001000000010000000001000000011010100
00000000000000000101010000000000001000000000000010000100101010000000010001000
00000000000000011000100000000001000000100000000000000000010000000000000000000
00000000000000000000000000010110100000001000000000001001000001000001111000100
00000000010000000010000010101000010000000000000100000110000110000000000000000
00000000000000000000001000000000000110000000100000000000100000000000000000000
00000000000001000001010101110000000000000110011001100000010000000000111001010
00000000000000000100100000000001001001000001000000000000000001000000000000100
00000000001110000000000011001110000000100000000000010000110010000000010000000
00000000000000000010000000000000000000000000000000001000001000000000000010000
00000000000000101001110000110000100000010000000010000101000101000001111001100
00000000000000010000001000000100010000000000000000000000100010000000000000000
00000000000000000000000100000011000000000000000001000000010000000000011000000
00000000010000000100000001001000000110000001100000101010000000000000100000000
00000000000000000010000010110000001000000000000100000100000011000000000000110
00000000000001000001100000000000000001101010001000000000110000000000010001000
00000000001110000000011001000110000000000000000000010001000100000000011000000
00000000000000000000000000111001100000000000000000000000000001000001100000100
00000000000000000000000110000000010000000100010001000000101010000000000010000
00000000000000001111100000000000000000000000000010001000010000000000011001000
00000000000000000000000001100100000000000001000000000100000010000000100000000
00000000000000110000010000010010000000000000100000100000000001000000010000100
00000000010000000000001000001000001110100000000000000000110100000000001000010
00000000000100000000000000000001000000000000000000000001000000000000010000000
00000000001010000011100111100000000000000010000101011110000011000001100001100
00000000000001000000000000010110100001000000001000000000000000000000010000000
00000000000000000100000000001000010000000001000000000000100000000000001000000
00000000000000000000010001100000000000000000000010000000011010000000100011000
00000000000000000000000010010000000000000000000000100000000101000000010000100
00000000000000001001101000000101000000000000100000000000000000000000001000000
00000000000000000010000000000000000000100100000001001101110010000000110000010
00000000010100000000000100101010001000000000000000000000000001000001010000100
00000000001000000000000001000000000000000011000000000000000000000000001001000
00000000000010000100010000010000000000000000000000010000000000000000000000000
00000000000000000001100010100100100000000000000100000000100110000000100000000
00000000000000000000000001000010000000000000000010001100010001000000010010100
00000000000000000010001000011001010000000000000001100000000000000000011001000
00000000000000000000000000000000000000000000001000000000001010000001100000000
00000000000000000000000100000000000000000001100000000001000000000000010000110
00000000000000000000000000100100000000000010000000000000100001000000001000000
00000000000100000101110011000000000000101100000000000000010100000000100001000
00000000011000000000000000111010000000000000000000001100000010000000010000100
00000000000000000010000000000000000000000000000001010000000001000000000000000
00000000000000000000000000000001000000000001000010000000100000000010011010000
00000000000000000000001001000100000000000000000100100000000010000001100101000
00000000000010000001000000010000000000000000000000000000010000000000010000100
00000000000000000000100110000000000000000010000000000001000000000000001000010
00000000000000000000000000101010100000000000100000001000000101000000100000000
00000000000000000000010000000000000000000100000001000100001000000000010001100
00000000000000000110000001000000000000000001000000000000100010000000000000000
00000000000100000000000000110100000000000000000010000000000000000001111010000
00000000000000000000000000000001000000001010000000010000010001000000000001100
00000000000000000001000000000000000000000000000000000000000010000000010000000
00000000000000000000101010001010000000000000000100101000100000000000000000000
00000000000000000000000001000000000000000001000001000000000100000010111000010
00000000000000000000000100010000000000000000000000000101000001000000000100100
00000000000000000000000000100100000000000100000000000000000000000001100001000
00000000000000000010010000000000000000000010100010000000010010000000010010100
00000000000000000000000000000000000000000000000000000000000000000000001001000
00000000000000000101000001000000000000000000000000000000000000000000010000000
00000000000000000000000000111011000000000001000001011000100001000000100000000
00000000000000000000100010000000000000001010000000000000000110000000010000100
00000000000000000000000000000100000000000000000100100000000000000001001000010
00000000000000000000000000000000000000000100000010000100000000000000100001000
00000000000000000000000000000000000000000000000000000000010000000010010010100
00000000000000000000000001000000000000000000000000000001000001000000000001000
00000000000000000000000100110000000000000001000001000000100010000000111100100
00000000000000000011000000001010000000000010100000000000000000000001000000000
00000000000000000000010000000000000000000000000000001000000000000000010000000
00000000000000000000000000000101000000000100000010000000000100000000100001000
00000000000000000000100010000000000000001000000100010000000000000000000010110
00000000000000000000000001100000000000000010000000000000000011000000011000000
00000000000000000000000000010000000000000001000000100000010000000000100001000
00000000000000000000000000000000000000000000000001000100100000000001010000100
00000000000000000000000000001000000000000000000000000000000000000010000000000
00000000000000000000000000000010000000000100000010000000000000000000111001100
00000000000000000000000000000100000000000010000000001000000010000000000110000
00000000000000000001000000000000000000000000000000000000000101000000000000000
00000000000000000000000001100000000000001000100100000001000000000001110001010
00000000000000000000000000010001000000000001000000000000000000000000000000100
00000000000000000000100010000000000000000100000001010000100000000000011000000
00000000000000000000000000001000000000000010000010000000010000000000100001100
00000000000000000000000000000000000000000000000000100000000010000000000010000
00000000000000000000000000000110000000000000001000000000000001000011010000000
00000000000000000000000000100000000000000000000000000000000000000000100001100
00000000000000000000000000000000000000000001000100001000000000000000011000000
00000000000000000000000001010000000000001110000000000000000100000000100100000
00000000000000000000000000000000000000000000000011000000000000000000000011110
00000000000000000000000000001000000000000000100000000000100010000001010000000
00000000000000000000000000000001000000000000000000010000000000000000100000000
00000000000000000000000000000100100000000000000000000000000001000000011001100
00000000000000000000000000100000000000000110000000000000010000000000000000000
00000000000000000000000000000010000000000001000100100000000000000010100000100
00000000000000000000000000010000010000000000000010000000000000000001010011000
00000000000000000000000001000000000000001000001000000000000010000000000000000
00000000000000000000000000001000000000000000000001001000000100000000110100000
00000000000000000000000000000000000000000110000000000000000000000000001001110
00000000000000000000000000000100000000000000000000000000100000000001100010000
00000000000000000000000000000000000000000000100000010000000001000000010001100
00000000000000000000000000100001000000000001000110000000000000000000000000000
00000000000000000000000000000010100000000000000000000000000000000010110000000
00000000000000000000000000010000000000000110000000100000000010000000001000100
00000000000000000000000000001000000000001000000000000000000000000001000001000
00000000000000000000000001000000010000000000000001000000000000000100110010000
00000000000000000000000000000100000000000000000000000000000100000000000101100
00000000000000000000000000000000000000000000001010000000000000000000100000010
00000000000000000000000000000000000000000011000100010000000001000001010000000
00000000000000000000000000100000000000000100000000000000000000000000000011100
00000000000000000000000000000010000000000000100000000000100010000010111000000
00000000000000000000000000011001100000000000000000100000000000000000000001100
00000000000000000000000000000000000000001000000001000000000000000001100000000
00000000000000000000000000000100000000000000000010000000000000000000010000000
00000000000000000000000000000000010000000110000000000000000000000000000010000
00000000000000000000000001000000000000000001000100000000000100000000100101100
00000000000000000000000000000000000000000000000000010000000000000101011001000
00000000000000000000000000000000000000000000000000000000000001000010000000100
00000000000000000000000000100000000000000000001001100000000010000000100010010
00000000000000000000000000001010000000000010000010000000000000000000010001000
00000000000000000000000000010100100000001100100000000000000000000001100000100
00000000000000000000000000000001000000000000000100000000000000000000000000000
00000000000000000000000000000000000000000001000000000000000000000000110011000
00000000000000000000000000000000010000000000000000000000000000000000001100100
00000000000000000000000000000000001000000000000011110000000000000011000001000
00000000000000000000000000000000000000000010000000000000000000000000010000000
00000000000000000000000000000000000000000100000000000000000100000100100000100
00000000000000000000000000001100000000000000000000000000000011000000000011000
00000000000000000000000000100010000000000000000100000000000000000001110000100
00000000000000000000000000000000100000001001000000000000000000000000000011000
00000000000000000000000000010000000000000000001011000000000000000010101100000
00000000000000000000000000000001000000000010100000100000000000000001000001000
00000000000000000000000000000000010000000100000000010000000000000000010000100
00000000000000000000000000000000000000000000000000000000000000000000000000000
00000000000000000000000000000100001000000000000100000000000000000000110011100
00000000000000000000000000001000000000000000000011000000000000000000000000000
00000000000000000000000000000000000000000000000000000000000000000101100001000
00000000000000000000000000000010000000000001000000100000000000000010001110100
00000000000000000000000000000000000000000010000000000000000010000001000001000
00000000000000000000000000000000100000001100000000000000000000000000110000000
00000000000000000000000000000000000000000000000000000000000000000000000011000
00000000000000000000000000110000010000000000000111010000000000000000000000100
00000000000000000000000000000101000000000000000000000000000000000000110000000
00000000000000000000000000000000000100000000000000000000010000000011000101100
00000000000000000000000000001000001000000000000000100000000000000000001010000
00000000000000000000000000000000000000000011000000000000000000000000100001000
00000000000000000000000000000010000000000100000011001000000000000001010000100
00000000000000000001100000000000000000000000000000000000000000000100000011000
00000000000000000000000000000000110000000000000100000000000000000000100000000
00000000000000000000000000000000000000000000000000000000000000000000000111000
00000000000000000000000000000100000000000000000000010000000000000010000000100
00000000000000000000000000000000001000001000000000100000000000000001011001000
00000000000000000000000000000001000100000000000011000000000000000000100000100
00000000000000000000000000011000000000000010000000000000100000000000000010000
00000000000000000000000000000000000010000101000000000000000000000001100101000
00000000000000000000000000000010010000000000000000000000010000000000010001000
00000000010000000011000000000000100000000000000100000000000000000010000010100
00000000000100000000100000000000000000000000000000001000000000000000000000000
00000000000000000000000000000100001000000000000011100000000000000000001011000
00000000000000000000000000000000000000000000000000010000000000000001100000100
00000000000000000000000000000001010100000000000000000000000000000000010101000
00000000000000000000000000000000000000000000000000000000000000000000000000000
00000000000000000000000000001000000000000010000000000000000000000000100011000
00000000001000000000010000000010101001000100000000000000000000000011000000100
00000000000000000101000000010000000010000001000111000000000000000000000011000
00000000000000000000100000000000000000000000000000100000000000000000011100000
00000000010000000010000000000100010000000000000000000100100000000000100001100
00000000000100000000000000000000000000000000000000001000000000000000000010000
00000000000000000000000000000001001100000000000000010000000000000001000000000
00000000000000000000000000000000110000000000000000000000000000000000000001000
00000000000000000000000000000010000000000000000000000000000000000000000000100
00000000000000000001000000001000000000000000000011000000000000000010110111000
00000000000000000000000000000000000000000110000000100000000000000000000001000
00000000001000001100110000000000001011000000000100000000010000000001001010000
00000000000000000010000000000101000000000000000000000000000000000000000000100
00000000000000000000000000010000110000000000000000000000000000000000100001000
00000000010100000000000000000000000100100000000000000100000000000000000110000
00000000000000000000000000000010000000000000000000011000100000000000010000100
00000000000000000001000000000000011000000000000011000000000000000000000001000
00000000000000000000000000000000000000000000000000000000000000000001000000000
00000000000000000000100000001001100000000000000000100000000000000010000011000
00000000000000000110000000000100000000000000000000000000000000000000101000000
00000000001010001000000000000000000011001100000000000000000000000000000111100
00000000000000010000010000100010011000000000000100000000000000000000000000000
00000000000000000001000000000000000100000000000000000010010000000000010000000
00000000010100000000000000000001000000000000000000000000000000000001000001000
00000000000000000000000000000000100000110000000011011101001000000000100010100
00000000000000000010100000010000010000000000000000000000000000000000000001000
00000000000000000100000000000000001000000000000000100000100000000000000100000
00000000000000000000000000001110000000000000000000000000000000000000000010000
00000000000000001001000000000000100011000000000000000000000000000010001001000
00000000001000000000000000000001010100000000000000000000000000000000000000100
00000000000010000000010000000000001000001100000000000000000000000001010000000
00000000000100110010000000000000000000000000000000000000000100000000100011000
00000000010001000100100000000000000000000000000001000010010000000000000100000
00000000000000000000000000000010000000100000000010011100000000000000000001000
00000000000000000001000000000001110000010000000000000001000000000000000010100
00000000000000001000000000000100001011000000000000100000001000000000000000000
00000000000000000010000000000000000100000000000000000000100000000000000000000
00000000000000000000000000001000010000000000000000000000000000000000000001000
00000000001000000100000000000000100000000000000000000000000000000001101000000
00000000000110000001110000000011001000001000000000000000000000000000010111000
00000000000000010000000000000000000000000100000000000000000000000000000000100
00000000010000100010000000000000000000100000000001000110000000000000000000000
00000000000001001000000000000000010011000000000000001000010000000000000010000
00000000000000000000000000000100100100010000000010010000000100000000000001000
00000000000000000100000000000001001000000000000000000001000000000000000000000
00000000000000000001000000000000010000000000000000000000001000000000000000000
00000000000000000010100000000010000000000000000000100000100000000000100101100
00000000001100000000000000001000001000001000000000000000000000000000000010000
00000000000010010000000000000000100011000000000000000000000000000001000000000
00000000000000001100010000000000000100100100000000000100000000000000011000000
00000000000000100001000000000001010000000000000000000010000000000000000001000
00000000010000000010000000000100000000010000000000001000000000000000000010000
00000000000001000000000000000010001000000000000000000000010000000000000000000
00000000000000000000100000000000110000000000000000000001000000000000000001100
00000000000000000000000000000000000001000000000000000000000000000000000100000
00000000000100001100000000000001000010001000000000000000001100000000000000000
00000000001000010011000000000000001100000000000000010000100000000000000000000
00000000000010000000000000000000000000100100000000000100000000000000100010000
00000000000000000000000000000000110000000000000000000000000000000000000001000
00000000000000100000010000001010000000010000000000000010000000000000000000000
00000000000000000100100000000100001001000000000000000000000000000000000000000
00000000000001001011000000000001010010000000000000001000000000000000000000100
00000000000000000000000000000000000100001000000000000001010000000000000011000
00000000000100010000000000000000100000000000000000000000000000000000000100000
00000000000000000000000000000000000000000100000000000000000000000000000000000
00000000000000000000000000000000001000100000000000000000001000000000000000000
00000000001010000110000000000010010001000000000000000100000100000000000000000
00000000000000001001000000000001000010010000000000000000100000000000000000000
00000000000000100000100000000000000100000000000000000000000000000000000001000
00000000000000000000000000000000101000001000000000000010000000000000000010000
00000000000001010000010000000100010000000000000000000000000000000000000000000
00000000000100000110000000000000000000000100000000001000000000000000000000000
00000000000000000000000000000000000001000000000000000001000000000000000000000
00000000000000001001000000000001000010100000000000000000000000000000000001000
00000000000000000000000000000010101100000000000000000000000000000000000000000
00000000000010000000000000000000010000010000000000000100000000000000000000000
00000000000000000010100000000000000000001000000000000000001000000000000110000
00000000001000110100000000000000000000000000000000000000000000000000000000000
00000000000000000000000000000000000000000100000000000000000100000000000000000
00000000000001001001000000000000001001000000000000000010000000000000000000000
00000000000100000000000000000001010110000000000000000000000000000000000001000
00000000000000000010000000000100100000100000000000000000000000000000000000000
00000000000000000100000000000010000000000000000000000001000000000000000000000
00000000000000000000000000000000000000011000000000000000000000000000000000000
00000000000010000000000000000000001000000000000000000100000000000000000000000
00000000000000011000100000000000010000000100000000000000000000000000000010000
00000000000000100001000000000000000011000000000000000000000000000000000000000
00000000000000000010000000000001000100000000000000000000000000000000000000000
00000000000000000100000000000000100000000000000000000000000000000000000001000
00000000000001000000000000000000001000000000000000000010000000000000000000000
00000000000100000000000000000000000000101000000000000000000000000000000000000
00000000000000000000000000000010010000010000000000000000000000000000000000000
00000000000000001010000000000000000000000000000000000000000000000000000000000
00000000000000010001000000000000000011000100000000000000000000000000000000000
00000000000000000100000000000000000100000000000000000000000000000000000000000
00000000000000000000100000000001001000000000000000000000000000000000000000000
00000000000000000000000000000000100000000000000000000000000000000000000000000
00000000000000000000000000000000000000000000000000000000000000000000000000000
00000000000000000000000000000000000000000000000000000000000000000000000000000
00000000000000000000000000000000000000000000000000000000000000000000000000000
00000000000000000000000000000000000000000000000000000000000000000000000000000
00000000000000000000000000000000000000000000000000000000000000000000000000000
00000000000000000000000000000000000000000000000000000000000000000000000000000
00000000000000000000000000000000000000000000000000000000000000000000000000000
